
48 = 762
28,96 = 410
29,48 = 159
31,96 = 458
 812
33,96 = 614
60
35,96 = 519
7,84 = 675
38,96 = 950
9,84 = 688
31,48 = 853
14,84 = 441
40,96 = 659
15,84 = 656
42,72 = 350
51,96 = 583
46,72 = 80
52,96 = 647
49,72 = 672
22,84 = 736
32,48 = 601
50,72 = 672
59,96 = 269
37,48 = 181
64,96 = 650
38,48 = 82
65,96 = 392
24,84 = 785
41,48 = 62
57,72 = 235
27,84 = 1000
66,96 = 714
28,84 = 649
42,48 = 99
58,72 = 921
29,84 = 760
69,96 = 57
32,84 = 455
71,96 = 502
33,84 = 711
75,96 = 481
36,84 = 902
76,96 = 321
37,84 = 982
78,96 = 673
39,84 = 889
60,72 = 911
43,48 = 817
62,72 = 858
41,84 = 779
64,72 = 979
79,96 = 503
65,72 = 372
42,84 = 237
44,48 = 632
43,84 = 197
67,72 = 725
83,96 = 96
44,84 = 230
47,48 = 791
68,72 = 586
45,84 = 593
85,96 = 612
50,84 = 395
73,72 = 8
54,84 = 406
48,48 = 358
56,84 = 42
75,72 = 41
57,84 = 156
83,72 = 151
93,96 = 149
85,72 = 425
59,84 = 191
49,48 = 393
86,72 = 939
63,84 = 198
94,96 = 175
64,84 = 35
88,72 = 564
66,84 = 688
50,48 = 299
70,84 = 178
91,72 = 29
75,84 = 431
96,96 = 898
77,84 = 691
98,96 = 818
92,72 = 571
103,96 = 640
93,72 = 393
112,96 = 199
94,72 = 831
51,48 = 140
95,72 = 73
115,96 = 878
81,84 = 566
118,96 = 240
96,72 = 866
120,96 = 572
101,72 = 284
121,96 = 662
107,72 = 333
122,96 = 191
110,72 = 226
124,96 = 701
52,48 = 457
127,96 = 846
53,48 = 911
129,96 = 59
59,48 = 425
130,96 = 686
60,48 = 752
61,48 = 341
111,72 = 433
83,84 = 440
112,72 = 289
62,48 = 347
115,72 = 353
63,48 = 284
132,96 = 613
67,48 = 340
134,96 = 667
117,72 = 623
88,84 = 193
118,72 = 423
139,96 = 782
69,48 = 455
141,96 = 585
122,72 = 393
90,84 = 971
142,96 = 176
126,72 = 469
71,48 = 698
129,72 = 487
130,72 = 623
94,84 = 317
134,72 = 893
73,48 = 568
135,72 = 551

98,84 = 851
74,95 = 604
2,73 = 598
102,84 = 679
4,73 = 182
103,84 = 293
6,73 = 405
109,84 = 799
75,48 = 597
110,84 = 28
76,48 = 850
75,95 = 470
71 = 433
76,95 = 716
118,84 = 222
79,48 = 939
82,95 = 802
88,71 = 682
83,95 = 708
83,48 = 374
84,95 = 979
91,71 = 282
55,83 = 1
92,71 = 246
85,95 = 251
84,48 = 975
87,95 = 656
93,71 = 220
91,95 = 497
59,83 = 493
93,95 = 238
95,71 = 474
85,48 = 187
98,71 = 3
101,95 = 145
60,83 = 244
108,95 = 120
100,71 = 573
87,48 = 864
109,95 = 924
62,83 = 604
110,95 = 596
89,48 = 420
104,71 = 813
90,48 = 371
111,95 = 285
64,83 = 627
113,95 = 297
92,48 = 788
114,95 = 81
105,71 = 41
115,95 = 84
98,48 = 639
66,83 = 328
116,95 = 137
106,71 = 316
118,95 = 24
107,71 = 12
120,95 = 658
102,48 = 314
75,83 = 972
103,48 = 129
76,83 = 558
123,95 = 94
109,71 = 419
77,83 = 150
104,48 = 162
78,83 = 124
110,71 = 346
80,83 = 599
124,95 = 958
82,83 = 555
126,95 = 509
108,48 = 295
86,83 = 58
111,48 = 97
127,95 = 505
115,71 = 258
131,95 = 49
119,71 = 693
123,71 = 199
88,83 = 865
125,71 = 346
7
132,95 = 786
131,71 = 340
90,83 = 272
132,71 = 901
69,47 = 966
91,83 = 894
71,47 = 688
133,95 = 830
92,83 = 23
135,95 = 245
74,47 = 40
136,71 = 312
75,47 = 977
137,95 = 583
95,83 = 583
140,95 = 437
98,83 = 460
145,95 = 826
99,83 = 978
1,96 = 470
2,96 = 795
139,71 = 650
84,47 = 69
10,96 = 255
100,83 = 873
85,47 = 565
105,83 = 609
141,71 = 90
107,83 = 172
89,47 = 33
117,83 = 652
121,83 = 243
123,83 = 593
127,83 = 431
129,83 = 575
133,83 = 461
134,83 = 637
135,83 = 777
136,83 = 835
14,96 = 721
139,83 = 944
90,47 = 323
145,71 = 761
93,47 = 123
1,72 = 433
140,83 = 901
20,96 = 122
94,47 = 351
2,72 = 981
100,47 = 204
22,96 = 717
141,83 = 844
25,96 = 28
104,47 = 405
4,72 = 229
26,96 = 268
9,72 = 766
109,47 = 454
10,72 = 791
12,72 = 703
14,72 = 643
143,83 = 491
15,72 = 495
0,84 = 735
111,47 = 422
1,84 = 139
3,84 = 969
335
113,47 = 172
16,72 = 306
119,47 = 287
4,84 = 355
122,47 = 408
57,94 = 913
6,84 = 812
64,94 = 448
19,72 = 100
72,94 = 538
21,72 = 862
123,47 = 696
22,72 = 436
125,47 = 969
73,94 = 54
130,47 = 864
26,72 = 103
132,47 = 397
74,94 = 389
133,47 = 454
97,82 = 378
95,94 = 602
100,82 = 804
97,94 = 167
138,47 = 919
98,94 = 15
29,72 = 628
99,94 = 943
139,47 = 952
101,94 = 91
102,82 = 309
102,94 = 516
104,94 = 959
118,94 = 680
134,94 = 317
135,94 = 334
140,47 = 452
31,72 = 977
144,47 = 815
32,72 = 884
145,47 = 483
139,94 = 769
106,82 = 822
143,94 = 903
1,48 = 281
33,72 = 860
3,48 = 515
0,95 = 819
1,95 = 755
3,95 = 492
4,95 = 553
6,95 = 452

107,82 = 851
9,95 = 331
109,82 = 194
5,48 = 41
112,82 = 277
10,95 = 410
139,70 = 477
113,82 = 830
6,48 = 308
142,70 = 701
7,48 = 476
143,70 = 51
13,95 = 498
145,70 = 345
10,48 = 572
2,71 = 38
3,71 = 16
11,48 = 435
116,82 = 876
117,82 = 799
16,95 = 209
123,82 = 557
20,95 = 686
124,82 = 670
22,95 = 277
42,95 = 38
13,48 = 617
4,71 = 923
6,71 = 401
19,48 = 618
43,95 = 867
125,82 = 175
45,95 = 983
126,82 = 76
127,82 = 555
22,48 = 865
128,82 = 810
23,48 = 283
131,82 = 539
26,48 = 760
140,82 = 794
27,48 = 106
141,82 = 750
28,48 = 762
4,83 = 567
5,83 = 504
9,83 = 440
12,83 = 806
15,83 = 394
= 1000
16,83 = 498
104,46 = 481
19,83 = 904
107,46 = 91
20,83 = 229
112,46 = 120
24,83 = 341
25,83 = 376
114,46 = 574
9,71 = 913
10,71 = 708
29,83 = 537
49,95 = 347
31,83 = 120
55,95 = 335
59,95 = 154
11,71 = 114
33,83 = 502
34,83 = 391
36,83 = 957
124,46 = 166
40,83 = 842
12,71 = 861
43,83 = 204
46,83 = 670
60,95 = 118
48,83 = 743
64,95 = 609
65,95 = 465
13,71 = 993
66,95 = 162
69,95 = 318
70,95 = 957
125,46 = 6
71,95 = 929
126,46 = 845
128,46 = 93
130,46 = 455
116,93 = 62
131,46 = 248
117,93 = 131
133,46 = 609
119,93 = 175
134,46 = 549
120,93 = 77
14,71 = 393
123,93 = 50
124,93 = 45
51,83 = 578
126,93 = 105
15,71 = 936
132,93 = 799
16,71 = 111
133,93 = 770
19,71 = 259
134,93 = 902
21,71 = 233
135,93 = 493
138,93 = 987
140,93 = 571
135,46 = 474
142,93 = 360
136,46 = 741
144,93 = 676
137,46 = 682
0,94 = 184
1,94 = 749
52,83 = 325
22,71 = 230
7,94 = 208

140,46 = 345
123,81 = 160
10,94 = 744
124,81 = 211
14,94 = 748
127,81 = 469
143,46 = 772
145,46 = 986
0,47 = 286
30,71 = 990
134,81 = 321
15,94 = 695
135,81 = 728
34,71 = 885
137,81 = 825
35,71 = 234
139,81 = 538
36,71 = 684
145,81 = 589
37,71 = 250
1,82 = 476
6,47 = 924
5,82 = 970
8,47 = 175
44,71 = 858
6,82 = 309
17,94 = 351
48,71 = 537
18,94 = 269
49,71 = 154
51,71 = 172
19,94 = 636
21,94 = 170
23,94 = 330
52,71 = 412
24,94 = 972
27,94 = 112
28,94 = 231
29,94 = 733
31,94 = 132
38,94 = 307
40,94 = 735
43,94 = 896
44,94 = 806
46,94 = 435
47,94 = 716
48,94 = 73
51,94 = 788
52,94 = 705
55,94 = 335

140,92 = 861
145,92 = 271
3,93 = 429
7,93 = 617
9,93 = 509
12,93 = 534
18,93 = 671
21,93 = 944
22,93 = 102
23,93 = 552
24,93 = 190
25,93 = 849
27,93 = 716
28,93 = 67
29,93 = 806
33,93 = 81
35,93 = 571
42,93 = 235
43,93 = 250
47,93 = 39
51,93 = 686
52,93 = 18
53,93 = 57
54,93 = 433
58,93 = 43
66,93 = 298
67,93 = 89
74,93 = 862
7,82 = 466
14,82 = 698
15,82 = 426
18,82 = 543
9,47 = 880
15,47 = 686
22,82 = 687
23,82 = 991
25,82 = 420
27,82 = 731
29,82 = 390
32,82 = 693
35,82 = 984
37,82 = 513
38,82 = 187
78,93 = 958
80,93 = 755
90,93 = 891
54,71 = 832
95,93 = 764
55,71 = 410
97,93 = 347
61,71 = 859
99,93 = 585
63,71 = 864
104,93 = 941
71,71 = 519
105,93 = 741
76,71 = 142
106,93 = 420
77,71 = 127
107,93 = 532
43,82 = 511
108,93 = 656
44,82 = 184
110,93 = 195
45,82 = 593
111,93 = 865
48,82 = 480
51,82 = 21
52,82 = 700
53,82 = 676
85
54,82 = 32
29,92 = 691
56,82 = 409
30,92 = 170
58,82 = 20
77,82 = 240
80,82 = 216
83,82 = 885
86,82 = 434
88,82 = 599
17,47 = 321
18,47 = 484
91,82 = 152
35,92 = 318
37,92 = 61
78,71 = 326
81,71 = 503
82,71 = 996
38,92 = 544
83,71 = 445
40,92 = 974
41,92 = 603
93,82 = 31
23,47 = 768
42,92 = 758
44,92 = 914
= 8
26,47 = 672
32,47 = 373
86,71 = 516
36,47 = 698
40,47 = 267
87,71 = 433
43,47 = 480
52,47 = 857
9,81 = 347
10,81 = 207
12,81 = 28
46,92 = 408
0 = 182
52,92 = 666
36,70 = 693
17,81 = 74
39,70 = 986
53,47 = 403
19,81 = 120
56,92 = 422
54,47 = 48
22,81 = 314
64,92 = 37
55,47 = 170
65,92 = 920
56,47 = 648
72,92 = 899
57,47 = 716
84,92 = 538
62,47 = 614
89,92 = 395
67,47 = 468
91,92 = 96
68,47 = 427
92,92 = 170
95,92 = 126
97,92 = 213
98,92 = 443

99,92 = 485
4,46 = 846
100,92 = 421
6,46 = 899
101,92 = 899
7,46 = 307
108,92 = 687
9,46 = 679
109,92 = 705
12,46 = 193
114,92 = 157
16,46 = 584
122,92 = 241
18,46 = 975
123,92 = 73
19,46 = 173
124,92 = 334
21,46 = 772
125,92 = 784
126,92 = 479
128,92 = 186
129,92 = 71
41,70 = 742
43,70 = 998
45,70 = 230
25,46 = 765
23,81 = 287
25,81 = 359
27,46 = 450
26,81 = 22
30,46 = 40
30,81 = 13
32,46 = 928
31,81 = 775
34,46 = 919
32,81 = 378
35,46 = 559
33,81 = 319
37,46 = 670
36,81 = 85
38,46 = 213
39,81 = 908
39,46 = 14
40,81 = 321
43,81 = 498
48,70 = 2
131,92 = 199
50,70 = 894
132,92 = 900
137,92 = 533
54,81 = 744
138,92 = 740
53,70 = 192
139,92 = 334
55,70 = 720
56,70 = 459
57,70 = 452
45,46 = 886
58,70 = 823
49,46 = 461
68,70 = 451
56,46 = 558
69,70 = 249
58,46 = 282
71,70 = 458
60,46 = 193
73,70 = 602
63,46 = 186
74,70 = 216
69,46 = 77
81,70 = 945
70,46 = 858
82,70 = 577
73,46 = 328
85,70 = 177
74,46 = 832
86,70 = 986
75,46 = 168
90,70 = 780
81,46 = 494
92,70 = 146
83,46 = 653
96,70 = 805
84,46 = 799
98,70 = 55
85,46 = 522
99,70 = 113
86,46 = 425
102,70 = 423
87,46 = 753
105,70 = 790
89,46 = 29
106,70 = 829
90,46 = 421
107,70 = 391
91,46 = 816
109,70 = 556
96,46 = 435
113,70 = 672
97,46 = 778
114,70 = 69
100,46 = 822
116,70 = 331
101,46 = 1000
120,70 = 263
122,70 = 4
123,70 = 556
124,70 = 522
130,70 = 114
5 = 84
131,70 = 311
69 = 420
45,69 = 771
47,69 = 765
51,69 = 48
56,69 = 768
57,69 = 453
59,69 = 300
61,69 = 999
64,69 = 753
72,69 = 331
69
72,91 = 402
75,91 = 598
76,91 = 203
77,91 = 199
55,81 = 658
79,91 = 708
74,69 = 967
84,91 = 713
58,81 = 692
85,91 = 890
61,81 = 287
96,91 = 135
62,81 = 51
97,91 = 159
45,45 = 997
98,91 = 407
77,69 = 802
99,91 = 635
80,69 = 814
104,91 = 465
93,69 = 686
46,45 = 671
65,81 = 274
96,69 = 424
105,91 = 311
67,81 = 247
100,69 = 174
110,91 = 153
74,81 = 936
115,91 = 817
53,45 = 652
102,69 = 293
117,91 = 470
118,91 = 839
120,91 = 515
121,91 = 179
76,81 = 702
106,69 = 206
107,69 = 657
78,81 = 65
110,69 = 69
79,81 = 642
111,69 = 783
80,81 = 20
115,69 = 497
89,81 = 374
96,81 = 183
97,81 = 52
99,81 = 375
106,81 = 464
107,81 = 374
122,91 = 194
123,91 = 50
125,91 = 155
126,91 = 452
127,91 = 782
54,45 = 902
128,91 = 376
108,81 = 411
131,91 = 907
116,69 = 691
111,81 = 311
132,91 = 155
113,81 = 891
58,45 = 54
133,91 = 164
122,69 = 68
60,45 = 482
134,91 = 880
145,91 = 885
63,45 = 554
65,45 = 179
68,45 = 163
71,45 = 899
73,45 = 838
123,69 = 642
75,45 = 281
124,69 = 218
114,81 = 880
125,69 = 60
131,69 = 740
116,81 = 649
134,69 = 807
119,81 = 274
135,69 = 889
136,69 = 612
137,69 = 197
143,69 = 858
78,45 = 658
3,70 = 244
79,45 = 61
19,70 = 370
24,70 = 465
81,45 = 473
27,70 = 757
83,45 = 977
28,70 = 441
30,70 = 310
86,45 = 68
32,70 = 929
87,45 = 461
91,45 = 89
2,92 = 944
95,45 = 16
33,70 = 182
97,45 = 888
616
100,45 = 291
7,92 = 170
7,68 = 579
105,45 = 518
62,80 = 64
108,45 = 260
98,68 = 622
69,80 = 801
101,68 = 850
8,92 = 749
70,80 = 108
110,45 = 33
71,80 = 667
104,68 = 459
111,45 = 832
75,80 = 644
11,92 = 531
81,80 = 210
106,68 = 688
13,92 = 174
82,80 = 376
118,45 = 302
89,80 = 220
108,68 = 449
120,45 = 80
91,80 = 372
122,45 = 342
94,80 = 540
126,45 = 488
96,80 = 190
128,45 = 483
97,80 = 679
98,80 = 730
101,80 = 721
16,92 = 523
102,80 = 352
129,45 = 695
17,92 = 760
103,80 = 34
18,92 = 135
112,68 = 463
26,92 = 91
106,80 = 785
28,92 = 885
133,45 = 516
107,80 = 530
136,45 = 229
108,80 = 405
138,45 = 472
114,80 = 904
319
115,80 = 718
118,90 = 259
139,45 = 299
113,68 = 216
143,45 = 798
116,80 = 572
145,45 = 356
115,68 = 29
119,90 = 692
119,80 = 43
121,90 = 428
117,68 = 560
121,80 = 566
125,90 = 626
118,68 = 424
1,46 = 962
126,90 = 66
124,80 = 809
2,46 = 468
130,90 = 104
120,68 = 937
126,80 = 227
131,90 = 630
121,68 = 670
 74
122,68 = 746
128,80 = 577
66,44 = 130
126,68 = 983
129,80 = 200
68,44 = 138
127,68 = 861
70,44 = 271
133,90 = 723
131,80 = 990
132,68 = 704
138,90 = 264
73,44 = 161
134,68 = 734
133,80 = 97
142,90 = 157
136,68 = 970
134,80 = 404
143,90 = 86
138,68 = 759
75,44 = 370
135,80 = 631
0,91 = 105
139,68 = 128
78,44 = 265
136,80 = 871
5,91 = 379
145,68 = 84
82,44 = 492
139,80 = 427
7,91 = 28
0,69 = 258
83,44 = 709
142,80 = 312
2,69 = 281
8,91 = 485
89,44 = 59
4,69 = 854
11,91 = 269
143,80 = 290
5,69 = 13
92,44 = 828
12,91 = 189
9,69 = 897
93,44 = 449
10,69 = 646
144,80 = 176
99,44 = 45
11,69 = 668
0,81 = 974
105,44 = 316
14,91 = 62
12,69 = 333
110,44 = 71
15,69 = 246
3,81 = 696
114,44 = 469
16,91 = 586
5,81 = 8
19,91 = 828
20,69 = 395
22,91 = 134
115,44 = 296
22,69 = 298
23,91 = 830
23,69 = 155
26,69 = 329
11,79 = 609
28,69 = 818
115,79 = 863
116,44 = 259
121,79 = 555
25,91 = 553
31,69 = 157
124,79 = 318
27,91 = 624
125,79 = 189
33,69 = 397
129,79 = 594
121,44 = 940
133,79 = 739
29,91 = 95
136,79 = 54
38,69 = 269
140,79 = 225
125,44 = 650
141,79 = 486
35,91 = 124
39,69 = 930
130,44 = 33
38,91 = 554
143,79 = 461
131,44 = 560
144,79 = 494
133,44 = 378
40,91 = 668
42,69 = 420
145,79 = 637
42,91 = 14
135,44 = 758
1,80 = 389
44,91 = 758
137,44 = 283
3,80 = 435
45,91 = 933
141,44 = 150
 = 327
4,80 = 200
142,44 = 44
47,91 = 168
138,67 = 209
5,80 = 660
49,91 = 640
140,67 = 714
143,44 = 100
144,67 = 695
4,45 = 561
0,68 = 339
50,91 = 953
6,68 = 107
54,91 = 908
8,45 = 245
7,68 = 430
57,91 = 105
9,45 = 290
9,68 = 843
59,91 = 453
11,45 = 767
10,68 = 572
62,91 = 311
12,45 = 958
11,68 = 77
66,91 = 583
13,45 = 477
12,68 = 414
68,91 = 782
13,68 = 758
16,68 = 367
12,80 = 820
20,68 = 168
23,68 = 51
24,68 = 15
25,68 = 679
27,68 = 612
28,68 = 115
29,68 = 75
31,68 = 370
34,68 = 845
38,68 = 158
42,68 = 341
44,68 = 164
53,68 = 243
54,68 = 217
56,68 = 820
58,68 = 339
61,68 = 146
63,68 = 570
64,68 = 871
66,68 = 87
68,68 = 837
72,68 = 169
75,68 = 842
81,68 = 164
82,68 = 561
84,68 = 287
86,68 = 520
89,68 = 9
94,68 = 190

38,67 = 390
39,67 = 601
42,67 = 308
43,67 = 849
46,67 = 660
50,67 = 736
52,67 = 615
53,67 = 375
54,67 = 467
57,67 = 450
59,67 = 4
60,67 = 964
62,67 = 495
66,67 = 626
67,67 = 902
68,67 = 490
69,67 = 737
72,67 = 333
75,67 = 485
76,67 = 49
78,67 = 152
81,67 = 975
82,67 = 275
89,67 = 108
90,67 = 15
93,67 = 735
94,67 = 245
103,67 = 429
104,67 = 602
110,67 = 435
111,67 = 586
114,67 = 477
115,67 = 206
116,67 = 142
117,67 = 968
123,67 = 850
125,67 = 86
126,67 = 635
127,67 = 821
133,67 = 934
135,67 = 327
80,66 = 130
85,66 = 88
87,66 = 471
91,66 = 716
95,66 = 991
96,66 = 248
99,66 = 988
103,66 = 39
104,66 = 772
109,66 = 786
110,66 = 476
113,66 = 816
115,66 = 201
119,66 = 571
120,66 = 734
128,66 = 783
130,66 = 403
131,66 = 211
133,66 = 59
138,66 = 997
140,66 = 28
143,66 = 269
0,67 = 366
3,67 = 603
4,67 = 280
6,67 = 517
7,67 = 464
8,67 = 995
9,67 = 308
12,67 = 673
14,67 = 653
20,67 = 243
21,67 = 382
22,67 = 419
23,67 = 282
26,67 = 213
28,67 = 549
30,67 = 46
31,67 = 30
33,67 = 314
34,67 = 348
437
135,65 = 632
138,65 = 990
142,65 = 97
1,66 = 462
5,66 = 512
7,66 = 813
12,66 = 930
14,66 = 750
17,66 = 99
19,66 = 414
23,66 = 63
25,66 = 446
26,66 = 624
27,66 = 597
29,66 = 670
31,66 = 482
33,66 = 284
36,66 = 620
37,66 = 782
38,66 = 560
41,66 = 315
42,66 = 485
43,66 = 567
44,66 = 747
46,66 = 247
47,66 = 12
50,66 = 438
52,66 = 849
54,66 = 642
55,66 = 123
57,66 = 585
69,91 = 769
18,45 = 751
60,66 = 912
61,66 = 185
62,66 = 454
15,80 = 890
18,80 = 706
65,66 = 700
 = 532
19,80 = 627
67,66 = 630
12,90 = 713
69,66 = 105
14,90 = 748
21,45 = 297
16,90 = 632
71,66 = 183
20,90 = 483
23,45 = 19
20,80 = 882
34,45 = 691
21,80 = 257
22,90 = 450
22,80 = 95
72,66 = 416
23,90 = 587
76,66 = 620
27,90 = 984
35,45 = 577
79,66 = 791
28,90 = 585
36,45 = 133
31,90 = 982
38,45 = 98
32,90 = 285
40,45 = 84
34,90 = 135
,65 = 119
35,90 = 447
12,65 = 469
36,90 = 629

37,90 = 972
114,43 = 500
45,90 = 661
23,80 = 660
46,90 = 459
115,43 = 225
24,80 = 320
15,65 = 929
117,43 = 595
25,80 = 450
17,65 = 929
52,90 = 495
120,43 = 570
19,65 = 873
54,90 = 680
20,65 = 46
26,80 = 555
22,65 = 567
30,80 = 856
23,65 = 274
55,90 = 106
32,80 = 494
26,65 = 674
58,90 = 185
33,80 = 286
28,65 = 538
59,90 = 96
35,80 = 300
30,65 = 854
62,90 = 951
36,80 = 103
34,65 = 234
63,90 = 604
40,80 = 246
65,90 = 759
66,90 = 20
121,43 = 657
70,90 = 459
122,43 = 401
71,90 = 173
124,43 = 352
72,90 = 828
125,43 = 159
126,43 = 419
129,43 = 406
132,43 = 643
134,43 = 813
135,43 = 731
136,43 = 25
137,43 = 183
145,43 = 792
0,44 = 857
1,44 = 688
4,44 = 888
7,44 = 6
12,44 = 54
15,44 = 890
18,44 = 17
19,44 = 505
23,44 = 635
26,44 = 590
27,44 = 93
29,44 = 378
31,44 = 322
32,44 = 994
33,44 = 392
37,44 = 335
38,44 = 677
39,44 = 848
40,44 = 346
41,44 = 787
50,44 = 936
51,44 = 691
60,44 = 907
61,44 = 749
65,44 = 74
40
143,42 = 815
43,80 = 545
37,65 = 127
145,42 = 348
45,80 = 336
52,80 = 771
45,65 = 184
53,80 = 486
75,90 = 618
54,80 = 834
1,43 = 852
57,80 = 527
4,43 = 338
80,90 = 384
46,65 = 191
61,80 = 616
85,90 = 13
49,65 = 28
88,90 = 90
90,90 = 99
53,65 = 603
91,90 = 371
56,65 = 555
5,43 = 245

70,65 = 416
7,43 = 65
8,43 = 688
92,90 = 554
10,43 = 164
13,43 = 436
20,43 = 253
22,43 = 869
71,65 = 29
27,43 = 522
15,79 = 784
79,65 = 977
28,43 = 421
19,79 = 251
32,43 = 750
20,79 = 966
41,43 = 254
21,79 = 224
51,43 = 159
25,79 = 105
58,43 = 752
93,90 = 251
97,90 = 117
59,43 = 71
98,90 = 277
65,43 = 261
26,79 = 286
72,43 = 407
108,90 = 238
83,65 = 613
73,43 = 366
111,90 = 194
29,79 = 647
74,43 = 313
114,90 = 319
85,65 = 17
76,43 = 127
31,79 = 726
78,43 = 152
86,43 = 12
89,43 = 747
87,65 = 480
91,43 = 837
34,79 = 754
4,89 = 602
92,43 = 66
35,79 = 860
93,43 = 313
91,65 = 947
57,89 = 734
96,43 = 791
97,43 = 46
45,79 = 33
59,89 = 927
93,65 = 471
98,43 = 409
47,79 = 492
61,89 = 847
95,65 = 633
49,79 = 181
63,89 = 669
96,65 = 585
50,79 = 539
99,65 = 477
100,43 = 679
54,79 = 986
102,43 = 903
101,65 = 416
57,79 = 495
103,43 = 813
104,65 = 998
60,79 = 431
107,43 = 14
106,65 = 425
62,79 = 857
107,65 = 545
63,79 = 238
108,65 = 567
64,79 = 298
69,89 = 423
111,65 = 601
71,89 = 652
114,65 = 367
108,43 = 337
66,79 = 564
73,89 = 366
109,43 = 195
115,65 = 388
76,89 = 866
110,43 = 85
78,89 = 416
111,43 = 590
84,89 = 542
113,43 = 701
123,65 = 666
85,89 = 182
127,65 = 276

130,65 = 597
35,42 = 755
131,65 = 437
36,42 = 671
46,42 = 257
47,42 = 297
54,42 = 385
= 283
55,42 = 59
67,79 = 449
87,89 = 195
69,79 = 727
56,42 = 115
70,79 = 675
91,89 = 152
73,79 = 906
66,42 = 172
93,89 = 91
67,42 = 220
95,89 = 243
55,64 = 338
71,42 = 207
58,64 = 6
99,89 = 491
59,64 = 570
102,89 = 490
60,64 = 959
74,79 = 792
72,42 = 846
61,64 = 89
104,89 = 455
74,42 = 861
105,89 = 509
64,64 = 87
106,89 = 469
80,79 = 137
65,64 = 103
75,42 = 43
114,89 = 613
79,42 = 205
116,89 = 967
81,42 = 686
88,42 = 937
117,89 = 214
90,42 = 295
121,89 = 178
81,79 = 726
122,89 = 233
124,89 = 352
83,79 = 717
127,89 = 175
84,79 = 239
129,89 = 284
132,89 = 97
86,79 = 925
134,89 = 599
88,79 = 409
89,79 = 469
94,42 = 834
91,79 = 24
94,79 = 160
95,42 = 920
95,79 = 599
96,42 = 353
97,79 = 848
98,42 = 619
98,79 = 219
103,42 = 696
105,79 = 253
104,42 = 119
107,79 = 82
105,42 = 307
110,79 = 466
106,42 = 469
108,42 = 697
109,42 = 790
112,42 = 713
117,42 = 987
119,42 = 262
123,42 = 578
8 = 265
124,42 = 717
66,78 = 751
125,42 = 615
72,78 = 198
126,42 = 191
73,78 = 837
128,42 = 28
74,78 = 497
75,78 = 809
129,42 = 780
76,78 = 68
132,42 = 564
78,78 = 856
134,42 = 454
81,78 = 374
136,42 = 390
83,78 = 945
142,42 = 240
85,78 = 64
88,78 = 731
89,78 = 553
92,78 = 676
41 = 400
96,78 = 330
73,41 = 851
97,78 = 272
79,41 = 982
98,78 = 531
81,41 = 936
99,78 = 492
88,41 = 905
102,78 = 278
91,41 = 832
105,78 = 787
92,41 = 735
106,78 = 601
93,41 = 380
107,78 = 248
96,41 = 460
108,78 = 88
100,41 = 233
112,78 = 779
105,41 = 736
113,78 = 599
106,41 = 35
116,78 = 973
107,41 = 719
118,78 = 238
111,41 = 779
119,78 = 391
114,41 = 300
125,78 = 939
117,41 = 716
129,78 = 663
118,41 = 117
134,78 = 502
120,41 = 929
136,78 = 653
123,41 = 860
139,78 = 528
124,41 = 252
0,79 = 888
125,41 = 800
4,79 = 849
129,41 = 102
5,79 = 517
136,41 = 943
6,79 = 465
7,79 = 822
8,79 = 134
12,79 = 853
14,79 = 150
6
87,77 = 141
90,77 = 730
92,77 = 943
93,77 = 166
94,77 = 745
96,77 = 808
100,77 = 315
101,77 = 801
106,77 = 851
113,77 = 191
115,77 = 655
120,77 = 418
121,77 = 36
127,77 = 415
132,77 = 100
134,77 = 284
137,77 = 448
138,77 = 462
139,77 = 383
1,78 = 761
3,78 = 163
5,78 = 301
10,78 = 244
13,78 = 935
15,78 = 63
18,78 = 199
20,78 = 306
22,78 = 327
23,78 = 970
24,78 = 699
33,78 = 46
34,78 = 622
40,78 = 976
41,78 = 845
43,78 = 244
46,78 = 744
48,78 = 357
52,78 = 755
55,78 = 490
63,78 = 287
65,78 = 265
1
66,64 = 184
106,76 = 271
71,64 = 848
74,64 = 317
137,41 = 840
75,64 = 399
107,76 = 916
77,64 = 812
115,76 = 826
82,64 = 96
116,76 = 3
86,64 = 860
118,76 = 594
88,64 = 676
120,76 = 977
91,64 = 522
125,76 = 382
97,64 = 194
132,76 = 946
100,64 = 330
140,41 = 715
139,76 = 648
101,64 = 5
0,42 = 184
140,76 = 631
1,42 = 948
102,64 = 976
5,42 = 11
106,64 = 814
6,42 = 385
137,89 = 352
107,64 = 835
7,42 = 782
113,64 = 597
138,89 = 937
115,64 = 657
143,76 = 866
8,42 = 532
117,64 = 928
9,42 = 135
121,64 = 91
139,89 = 633
10,42 = 59
123,64 = 197
142,89 = 617
12,42 = 458
125,64 = 490
16,42 = 455
128,64 = 582
145,76 = 880
0,90 = 39
2,90 = 234
4,77 = 751
4,90 = 787
5,77 = 393
7,77 = 175
6,90 = 801
8,77 = 932
9,77 = 696
17,42 = 416
13,77 = 115
14,77 = 949
22,42 = 169
15,77 = 392
24,42 = 963
22,77 = 447
26,77 = 313
26,42 = 187
30,77 = 360
28,42 = 543
36,77 = 75
39,77 = 84
33,42 = 687
42,77 = 202
43,77 = 367
46,77 = 973
47,77 = 248
51,77 = 813
56,77 = 329
57,77 = 391
69,77 = 582
70,77 = 115
71,77 = 614
72,77 = 58
9
73,77 = 18
99,40 = 478
103,40 = 810
8,90 = 958
106,40 = 624
10,90 = 532
134,64 = 72
117,40 = 298
80,77 = 977
82,77 = 969
83,77 = 855
119,40 = 517
86,77 = 636
122,40 = 255
88 = 407
77,88 = 888
137,64 = 721
81,88 = 58
123,40 = 13
7,75 = 392
83,88 = 322
124,40 = 404
140,75 = 694
129,40 = 846
0,76 = 178
85,88 = 683
2,76 = 803
5,76 = 634
9,76 = 15
133,40 = 416
138,64 = 220
10,76 = 524
135,40 = 555
139,64 = 633
12,76 = 995
136,40 = 372
13,76 = 888
141,64 = 730
137,40 = 711
15,76 = 904
141,40 = 699
142,64 = 559
17,76 = 759
142,40 = 775
144,64 = 253
20,76 = 227
144,40 = 792
21,76 = 30
145,64 = 872
3,41 = 755
24,76 = 424
2,65 = 748
5,41 = 68
26,76 = 337
7,65 = 11
8,41 = 245
29,76 = 45
8,65 = 850
32,76 = 627
33,76 = 404
35,76 = 412
38,76 = 603
39,76 = 446
= 835
41,76 = 649
98,63 = 719
51,76 = 257
99,63 = 746
52,76 = 709
101,63 = 281
57,76 = 297
102,63 = 479
60,76 = 298
103,63 = 600
61,76 = 810
106,63 = 539
64,76 = 983
107,63 = 278
66,76 = 613
108,63 = 128
70,76 = 88
110,63 = 289
72,76 = 653
112,63 = 123
76,76 = 635
118,63 = 712
12,41 = 479
124,63 = 839
127,63 = 449
20,41 = 539
128,63 = 469
130,63 = 647
77,76 = 659
24,41 = 166
81,76 = 525
27,41 = 37
86,88 = 72
31,41 = 239
83,76 = 2
137,63 = 210
32,41 = 192
140,63 = 493
87,88 = 69
141,63 = 772
33,41 = 394
84,76 = 611
37,41 = 103
95,76 = 374
90,88 = 220
39,41 = 230
96,76 = 685
142,63 = 782
97,88 = 388
97,76 = 139
98,88 = 555
100,76 = 48
103,88 = 385
103,76 = 893
43,41 = 585
104,76 = 291
111,88 = 961
45,41 = 636
115,88 = 123
144,63 = 256
120,88 = 380
145,63 = 346
121,88 = 927
171
122,88 = 569
24,75 = 864
126,88 = 491
1,64 = 65
129,88 = 565
3,64 = 969
47,41 = 430
12,64 = 618
25,75 = 323
48,41 = 46
14,64 = 188
26,75 = 427
49,41 = 196
16,64 = 417
27,75 = 292
52,41 = 153
132,88 = 24
28,75 = 301
57,41 = 441
19,64 = 86
30,75 = 255
62,41 = 851
22,64 = 610
28,64 = 23
134,88 = 160
64,41 = 814
32,64 = 570
135,88 = 783
65,41 = 811
31,75 = 920
66,41 = 924
33,64 = 904
35,75 = 390
68,41 = 213
34,64 = 943
136,88 = 655
72,41 = 400
138,88 = 133
36,75 = 964
139,88 = 105
37,75 = 377
145,88 = 510
38,75 = 416
0,89 = 476
39,75 = 994
,39 = 122
40,75 = 948
1,89 = 254
138,39 = 954
41,75 = 746
42,75 = 655
35,64 = 736
3,89 = 671
44,75 = 622
38,64 = 519
5,89 = 401
40,64 = 423
140,39 = 108
7,89 = 817
141,39 = 30
9,89 = 848
45,64 = 817
8,40 = 700
12,89 = 224
9,40 = 193
47,75 = 92
15,89 = 116
14,40 = 824
16,89 = 661
15,40 = 75
48,64 = 179
21,89 = 63
16,40 = 422
50,64 = 483
23,89 = 967
18,40 = 122
34,89 = 304
22,40 = 754
38,89 = 984
24,40 = 70
49,75 = 238
51,64 = 622
51,75 = 570
52,75 = 362
25,40 = 470
54,75 = 440
26,40 = 613
59,75 = 939
27,40 = 760
63,75 = 656
28,40 = 186
71,75 = 438
29,40 = 186
79,75 = 340
31,40 = 817
83,75 = 101
34,40 = 355
88,75 = 201
35,40 = 460
89,75 = 207
36,40 = 279
93,75 = 954
39,40 = 638
98,75 = 412
40,40 = 27
99,75 = 906
43,40 = 547
107,75 = 172
45,40 = 683
110,75 = 349
52,40 = 435
123,75 = 36
60,40 = 341
124,75 = 190
67,40 = 29
128,75 = 395
68,40 = 385
130,75 = 593
69,40 = 543
131,75 = 952
70,40 = 296
132,75 = 493
74,40 = 68
133,75 = 629
76,40 = 154
137,75 = 392
77,40 = 613
78,40 = 700
84,40 = 977
86,40 = 839
= 923
63,74 = 998
66,74 = 528
73,74 = 888
77,74 = 816
80,74 = 213
83,74 = 183
84,74 = 647
85,74 = 677
91,74 = 387
93,74 = 638
94,74 = 648
95,74 = 295
101,74 = 115
102,74 = 857
104,74 = 595
108,74 = 147
110,74 = 353
111,74 = 331
113,74 = 548
114,74 = 318
115,74 = 336
119,74 = 356
120,74 = 760
121,74 = 852
123,74 = 747
128,74 = 239
133,74 = 425
136,74 = 399
140,74 = 443
142,74 = 456
144,74 = 400
145,74 = 73
1,75 = 78
5,75 = 365
8,75 = 737
10,75 = 436
12,75 = 558
14,75 = 322
22,75 = 6
23,75 = 171

99,73 = 400
105,73 = 213
111,73 = 512
113,73 = 525
115,73 = 190
116,73 = 691
117,73 = 507
118,73 = 725
119,73 = 304
123,73 = 327
124,73 = 360
128,73 = 5
135,73 = 915
137,73 = 349
142,73 = 719
145,73 = 880
0,74 = 382
1,74 = 966
3,74 = 614
4,74 = 413
8,74 = 303
9,74 = 752
11,74 = 272
12,74 = 878
13,74 = 407
16,74 = 571
17,74 = 378
18,74 = 140
20,74 = 655
22,74 = 619
33,74 = 353
36,74 = 808
38,74 = 370
39,74 = 555
41,74 = 373
42,74 = 831
48,74 = 606
54,74 = 759
55,74 = 991
57,74 = 951
61,74 = 923
 = 405
7,73 = 811
9,73 = 385
11,73 = 748
13,73 = 986
18,73 = 756
21,73 = 566
22,73 = 671
23,73 = 28
29,73 = 250
31,73 = 569
32,73 = 711
33,73 = 272
34,73 = 428
35,73 = 251
37,73 = 566
41,73 = 673
42,73 = 114
43,73 = 676
47,73 = 810
48,73 = 809
49,73 = 205
50,73 = 653
58,73 = 745
59,73 = 351
60,73 = 915
62,73 = 560
64,73 = 104
65,73 = 569
44,89 = 218
89,40 = 51
46,89 = 44
54,64 = 283
91,40 = 505
53,89 = 217
94,40 = 803
96,40 = 600
98,40 = 939
3
62 = 895
118,87 = 321
134,62 = 47
120,87 = 699
138,62 = 619
14,39 = 206
122,87 = 840
143,62 = 773
125,87 = 194
145,62 = 695
68,73 = 411
4,63 = 632
28,39 = 502
126,87 = 409
70,73 = 62
34,39 = 645
71,73 = 669
36,39 = 669
74,73 = 187
12,63 = 275
18,63 = 260
37,39 = 341
21,63 = 13
127,87 = 280
23,63 = 520
39,39 = 691
128,87 = 694
78,73 = 908
134,87 = 991
40,39 = 807
24,63 = 907
137,87 = 798
25,63 = 826
79,73 = 151
27,63 = 725
80,73 = 281
30,63 = 196
85,73 = 404
31,63 = 935
88,73 = 951
32,63 = 898
93,73 = 97
33,63 = 537
95,73 = 898
35,63 = 137
36,63 = 549
97,73 = 567
37,63 = 347
98,73 = 545
41,63 = 374
47,63 = 646
48,63 = 69
52,63 = 896
55,63 = 974
61,63 = 848
64,63 = 641
65,63 = 747
68,63 = 288
69,63 = 888
70,63 = 319
72,63 = 220
73,63 = 499
75,63 = 728
77,63 = 20
78,63 = 236
81,63 = 992
82,63 = 193
84,63 = 188
85,63 = 185

96,63 = 487
46,39 = 222
48,39 = 677
52,39 = 475
53,39 = 350
54,39 = 275
56,39 = 524
58,39 = 648
97,63 = 835
59,39 = 495
60,39 = 749
61,39 = 490
68,39 = 969
70,39 = 277
12,87 = 187
138,87 = 796
13,87 = 645
14,87 = 426
2,88 = 563
15,87 = 548
72,39 = 539
16,87 = 638
17,87 = 978
3,88 = 778
18,87 = 189
73,39 = 247
25,87 = 192
74,39 = 724
4,88 = 768
75,39 = 61
5,88 = 305
,62 = 185
83,39 = 898
8,88 = 799
22,62 = 41
94,39 = 469
9,88 = 585
30,62 = 638
95,39 = 418
14,88 = 941
26,87 = 42
97,39 = 420
15,88 = 292
98,39 = 720
31,62 = 988
16,88 = 668
103,39 = 402
36,62 = 297
107,39 = 694
39,62 = 184
27,87 = 46
42,62 = 979
30,87 = 996
45,62 = 500
111,39 = 305
31,87 = 590
46,62 = 166
33,87 = 744
56,62 = 840
40,87 = 686
57,62 = 287
41,87 = 123
17,88 = 69
44,87 = 203
112,39 = 358
45,87 = 308
113,39 = 309
62,62 = 222
48,87 = 971
114,39 = 249
68,62 = 990
117,39 = 724
20,88 = 26
122,39 = 285
28,88 = 466
127,39 = 852
29,88 = 121
59,87 = 347
129,39 = 196
33,88 = 790
60,87 = 226
130,39 = 737
34,88 = 46
131,39 = 201
62,87 = 557
36,88 = 195
135,39 = 122
38,88 = 36
72,62 = 703
39,88 = 433
63,87 = 459
74,62 = 514
65,87 = 918
75,62 = 530
67,87 = 204

77,62 = 808
71,87 = 912
66,38 = 111
85,62 = 760
75,87 = 981
67,38 = 965
86,62 = 903
68,38 = 801
71,38 = 946
87,62 = 692
72,38 = 955
90,62 = 319
76,38 = 480
91,62 = 212
82,38 = 888
94,62 = 272
41,88 = 957
48,88 = 722
78,87 = 83
50,88 = 595
51,88 = 51
79,87 = 130
84,87 = 526
85,87 = 861
53,88 = 23
86,87 = 752
54,88 = 353
95,62 = 282
55,88 = 50
96,62 = 725
57,88 = 913
97,62 = 584
61,88 = 968
98,62 = 470
62,88 = 517
107,62 = 220
70,88 = 835
108,62 = 185
72,88 = 986
109,62 = 304
73,88 = 55
111,62 = 312
74,88 = 407
113,62 = 221
114,62 = 929
116,62 = 921
117,62 = 445
83,38 = 52
91,38 = 850
119,62 = 378
95,38 = 160
120,62 = 687
97,38 = 972
= 266
122,62 = 478
98,38 = 157
100,24 = 538
125,62 = 251
99,38 = 797
102,24 = 61
128,62 = 804
107,24 = 275
130,62 = 895
100,38 = 793
108,24 = 830
103,38 = 852
109,24 = 278
105,38 = 647
110,24 = 814
= 682
106,38 = 627
54,61 = 425
112,38 = 144
58,61 = 239
113,38 = 958
59,61 = 504
114,38 = 846
88,87 = 330
116,38 = 231
61,61 = 152
118,38 = 335
122,38 = 882
113,24 = 524
125,38 = 840
62,61 = 104
129,38 = 608
67,61 = 251
132,38 = 553
69,61 = 796
133,38 = 217
74,61 = 701
134,38 = 462
75,61 = 489
135,38 = 375
140,38 = 993
118,24 = 75
142,38 = 715
119,24 = 517
143,38 = 456
120,24 = 393
91,87 = 719
122,24 = 973
145,38 = 284
94,87 = 774
79,61 = 16
0,39 = 477
95,87 = 177
1,39 = 428
83,61 = 442
5,39 = 611
84,61 = 139
8,39 = 279
90,61 = 700
123,24 = 34
94,61 = 864
101,61 = 481
124,24 = 110
106,61 = 244
132,24 = 126
110,61 = 344
136,24 = 940
111,61 = 913
142,24 = 180
112,61 = 201
143,24 = 557
114,61 = 690
145,24 = 460
124,61 = 699
1,25 = 296
125,61 = 431
2,25 = 859
126,61 = 607
127,61 = 197
128,61 = 502
129,61 = 551
130,61 = 914
134,61 = 428
136,61 = 426
139,61 = 777
1,62 = 811
2,62 = 622
3,62 = 259
4,62 = 450
9,62 = 517
10,62 = 54
12,62 = 216
14,62 = 320
15,62 = 6
16,62 = 12
17,62 = 185
 863
95,60 = 956
99,60 = 165
100,60 = 258
102,60 = 145
109,60 = 471
113,60 = 184
114,60 = 685
115,60 = 213
116,60 = 220
120,60 = 407
9,39 = 573
121,60 = 744
123,60 = 161
10,39 = 599
124,60 = 111
11,39 = 622
127,60 = 84
128,60 = 231
129,60 = 201
131,60 = 665
136,60 = 724
140,60 = 301
141,60 = 590
142,60 = 569
37 = 467
143,60 = 388
89,37 = 373
90,37 = 74
6,25 = 814
93,37 = 456
7,25 = 537
94,37 = 459
11,25 = 501
100,37 = 904
12,25 = 341
107,37 = 205
15,25 = 286
21,25 = 563
101,87 = 789
111,37 = 218
105,87 = 815
25,25 = 633
106,87 = 143
117,37 = 392
111,87 = 965
119,37 = 78
8,61 = 489
113,87 = 31
28,25 = 415
9,61 = 952
126,37 = 661
35,25 = 281
12,61 = 936
42,25 = 149
127,37 = 432
44,25 = 928
128,37 = 635
129,37 = 600
115,87 = 643
45,25 = 594
25,61 = 369
46,25 = 527
27,61 = 435
130,37 = 701
28,61 = 535
29,61 = 646
47,25 = 561
32,61 = 189
50,25 = 593
 217
51,25 = 491
131,37 = 415
65,86 = 81
135,37 = 441
33,61 = 219
67,86 = 102
141,37 = 759
35,61 = 936
68,86 = 689
145,37 = 277
69,86 = 566
1,38 = 962
36,61 = 912
71,86 = 737
3,38 = 973
40,61 = 744
72,86 = 882
4,38 = 171
41,61 = 989
73,86 = 159
5,38 = 749
44,61 = 471
6,38 = 381
46,61 = 95
49,61 = 94
10,38 = 35
52,61 = 656
21,38 = 343
53,61 = 682
23,38 = 261
54,25 = 557
59,25 = 923
60,25 = 864
74,86 = 822
65,25 = 903
26,38 = 207
29,38 = 187
98
30,38 = 727
130,23 = 624
33,38 = 284
133,23 = 425
75,86 = 506
77,86 = 810
134,23 = 87
79,86 = 592
136,23 = 212
80,86 = 102
 75
81,86 = 536
140,23 = 681
82,86 = 907
141,23 = 185
83,86 = 461
84,86 = 50
89,86 = 981
90,86 = 600
98,86 = 343
99,86 = 88
104,86 = 47
34,38 = 287
107,86 = 313
108,86 = 154
144,23 = 123
121,59 = 879
109,86 = 794
36,38 = 366
123,59 = 415
12,24 = 417
14,24 = 549
39,38 = 680
41,38 = 976
42,38 = 22
50,38 = 130
54,38 = 155
58,38 = 577
60,38 = 809
63,38 = 450
 = 837
118,36 = 706
121,36 = 137
122,36 = 623
123,36 = 644
126,36 = 758
128,36 = 344
131,36 = 133
134,36 = 414
140,36 = 730
141,36 = 819
2,37 = 187
3,37 = 455
9,37 = 917
10,37 = 822
11,37 = 590
12,37 = 567
14,37 = 965
16,37 = 790
19,37 = 648
20,37 = 956
23,37 = 503
24,37 = 627
30,37 = 536
32,37 = 942
34,37 = 988
36,37 = 751
41,37 = 601
44,37 = 590
46,37 = 987
56,37 = 612
61,37 = 835
66,37 = 25
67,37 = 734
68,37 = 242
69,37 = 299
74,37 = 488
77,37 = 547
82,37 = 76
127,59 = 714
83,37 = 105
129,59 = 49
130,59 = 63
87,37 = 44
136,59 = 247
88,37 = 467
138,59 = 304
140,59 = 416
142,59 = 253
143,59 = 28
0,60 = 493
2,60 = 905
5,60 = 344
6,60 = 307
10,60 = 282
20,60 = 436
31
111,86 = 803
26,36 = 350
113,86 = 730
27,36 = 664
115,86 = 607
29,36 = 498
121,86 = 532
127,86 = 752
22,60 = 75
128,86 = 865
24,60 = 365
129,86 = 299
25,60 = 188
133,86 = 561
26,60 = 667
137,86 = 490
30,60 = 825
139,86 = 726
31,60 = 179
140,86 = 220
39,60 = 1000
142,86 = 647
44,60 = 413
145,86 = 226
45,60 = 365
0,87 = 909
50,60 = 251
55,60 = 947
56,60 = 562
5,87 = 761
57,60 = 926
59,60 = 522
10,87 = 373
60,60 = 14
15,24 = 937
64,60 = 612
30,36 = 683
68,60 = 776
32,36 = 790
18,24 = 759
69,60 = 347
19,24 = 145
661
71,60 = 288
21,24 = 179
36,36 = 769
24,24 = 480
37,36 = 865
103,85 = 677
75,60 = 902
25,24 = 444
38,36 = 252
77,60 = 363
104,85 = 675
40,36 = 875
105,85 = 788
27,24 = 787
79,60 = 129
41,36 = 792
81,60 = 279
28,24 = 711
88,60 = 977
106,85 = 266
90,60 = 863
110,85 = 123
113,85 = 207
30,24 = 375
114,85 = 407
42,36 = 917
32,24 = 352
118,85 = 786
= 707
119,85 = 854
41,24 = 657
125,58 = 972
42,24 = 608
44,36 = 629
123,85 = 2
129,58 = 247
45,36 = 472
45,24 = 146
49,36 = 15
124,85 = 614
46,24 = 822
48,24 = 610
134,58 = 604
49,24 = 776
50,24 = 695
51,36 = 946
52,24 = 535
127,85 = 774
135,58 = 777
128,85 = 417
137,58 = 800
130,85 = 547
55,24 = 361
132,85 = 759
52,36 = 514
137,85 = 232
60,24 = 544
61,36 = 842
138,85 = 801
62,36 = 319
140,58 = 696
141,85 = 318
63,36 = 307
1,59 = 167
144,85 = 539
65,36 = 734
2,59 = 492
5,86 = 855
66,36 = 58
7,86 = 848
68,36 = 178
3,59 = 907
12,86 = 844
69,36 = 33
63,24 = 765
14,86 = 530
71,36 = 166
69,24 = 531
72,36 = 383
73,36 = 751
8,59 = 371
81,36 = 913
9,59 = 67
85,36 = 958
88,36 = 863
11,59 = 336
89,36 = 817
15,59 = 865
92,36 = 757
94,36 = 224
18,59 = 885
100,36 = 51
29,59 = 81
103,36 = 940
106,36 = 149
31,59 = 148
107,36 = 987
35,59 = 804
108,36 = 762
109,36 = 514
36,59 = 117
110,36 = 297
39,59 = 711
42,59 = 774
43,59 = 259
45,59 = 336
54,59 = 716
58,59 = 991
59,59 = 815
60,59 = 654
61,59 = 88
62,59 = 72
70,59 = 46
74,59 = 916
75,59 = 319
78,59 = 113
80,59 = 202
89,59 = 505
91,59 = 693
96,59 = 694
97,59 = 611
108,59 = 860
109,59 = 752
117,59 = 987
119,59 = 75
777
1,58 = 142
4,58 = 119
9,58 = 301
10,58 = 830
13,58 = 813
16,58 = 594
18,58 = 850
19,58 = 385
21,58 = 109
23,58 = 93
26,58 = 783
27,58 = 565
31,58 = 295
32,58 = 215
37,58 = 863
42,58 = 755
47,58 = 804
52,58 = 190
53,58 = 946
57,58 = 400
58,58 = 135
60,58 = 290
61,58 = 350
64,58 = 520
74,58 = 356
77,58 = 40
87,58 = 120
89,58 = 575
91,58 = 786
93,58 = 408
94,58 = 629
95,58 = 717
102,58 = 110
107,58 = 263
110,58 = 432
111,58 = 514
115,58 = 591
117,58 = 968
118,58 = 108
120,58 = 383
122,58 = 707
7 = 424
37,57 = 520
43,57 = 887
44,57 = 543
46,57 = 26
48,57 = 922
52,57 = 532
55,57 = 651
57,57 = 351
61,57 = 766
63,57 = 67
66,57 = 669
69,57 = 31
74,57 = 500
75,57 = 685
79,57 = 664
82,57 = 889
85,57 = 256
89,57 = 246
90,57 = 322
92,57 = 456
94,57 = 735
98,57 = 848
101,57 = 475
103,57 = 22
109,57 = 244
110,57 = 259
115,57 = 897
116,57 = 110
119,57 = 695
126,57 = 985
129,57 = 121
131,57 = 150
132,57 = 69
133,57 = 173
134,57 = 893
136,57 = 374
137,57 = 648
139,57 = 129
143,57 = 70
0,58 = 777
530
69,56 = 12
70,56 = 606
73,56 = 492
76,56 = 458
82,56 = 294
83,56 = 289
89,56 = 408
90,56 = 520
93,56 = 780
94,56 = 182
95,56 = 93
100,56 = 310
102,56 = 133
114,56 = 311
116,56 = 514
117,56 = 728
126,56 = 582
130,56 = 725
131,56 = 752
132,56 = 639
136,56 = 825
138,56 = 421
139,56 = 371
144,56 = 984
2,57 = 251
7,57 = 977
8,57 = 189
11,57 = 928
12,57 = 266
14,57 = 554
15,57 = 307
17,57 = 444
18,57 = 87
20,57 = 783
23,57 = 63
24,57 = 680
27,57 = 356
16,86 = 993
29,57 = 454
18,86 = 901
30,57 = 972
19,86 = 483
31,57 = 825
23,86 = 589
32,57 = 424
24,86 = 679
25,86 = 714
28,86 = 210
29,86 = 310
35,86 = 922
116,36 = 272
36,86 = 531
39,86 = 994
117,36 = 837
80,24 = 424
40,86 = 998
44,86 = 958
 953
81,24 = 148
49,86 = 562
82,24 = 711
20
115,55 = 207
83,24 = 707
76,35 = 482
122,55 = 895
81,35 = 835
123,55 = 33
82,35 = 134
125,55 = 286
83,35 = 647
130,55 = 112
87,35 = 611
131,55 = 740
90,35 = 645
134,55 = 942
92,35 = 405
136,55 = 531
93,35 = 270
138,55 = 858
94,35 = 239
143,55 = 297
95,35 = 119
145,55 = 52
0,56 = 820
4,56 = 686
5,56 = 218
7,56 = 469
96,35 = 433
53,86 = 332
98,35 = 648
10,56 = 996
54,86 = 715
11,56 = 704
101,35 = 955
12,56 = 96
104,35 = 405
106,35 = 681
84,24 = 317
107,35 = 542
87,24 = 520
108,35 = 622
110,35 = 373
111,35 = 651
116,35 = 48
90,24 = 995
117,35 = 878
91,24 = 3
120,35 = 804
93,24 = 439
123,35 = 535
99,24 = 266
133,35 = 126
134,35 = 838
136,35 = 675
138,35 = 398
141,35 = 984
9
144,35 = 186
10,23 = 358
145,35 = 710
13,23 = 959
1,36 = 201
15,23 = 733
5,36 = 512
16,23 = 643
8,36 = 268
23,23 = 948
12,36 = 923
26,23 = 435
13,36 = 351
14,36 = 237
31,23 = 100
16,36 = 111
37,23 = 728
17,36 = 918
42,23 = 597
18,36 = 948
43,23 = 742
21,36 = 331
48,23 = 557
54,23 = 28
56,23 = 681
58,23 = 247
60,23 = 351
,34 = 618
64,23 = 133
123,34 = 848
67,23 = 747
124,34 = 494
68,23 = 791
125,34 = 677
70,23 = 492
127,34 = 563
71,23 = 541
131,34 = 865
73,23 = 118
133,34 = 626
135,34 = 574
74,23 = 120
75,23 = 46
139,34 = 586
140,34 = 163
145,34 = 206
79,23 = 983
0,35 = 335
80,23 = 32
7,35 = 515
81,23 = 40
10,35 = 199
83,23 = 24
85,23 = 754
87,23 = 598
92,23 = 136
98,23 = 93
100,23 = 151
103,23 = 10
106,23 = 240
107,23 = 516
109,23 = 798
11,35 = 451
12,35 = 200
13,35 = 64
17,35 = 983
18,35 = 834
23,35 = 295
24,35 = 656
27,35 = 632
31,35 = 727
33,35 = 842
35,35 = 951
38,35 = 281
40,35 = 605
45,35 = 727
46,35 = 219
49,35 = 395
50,35 = 549
51,35 = 775
54,35 = 404
55,35 = 373
57,35 = 421
58,35 = 883
61,35 = 457
62,35 = 664
64,35 = 829
67,35 = 136
14,56 = 576
15,56 = 840
61,86 = 217
18,56 = 992
19,56 = 710
68,35 = 920
21,56 = 148
22,56 = 188
28,56 = 3
 222
33,56 = 350
123,84 = 214
35,56 = 404
124,84 = 128
38,56 = 947
125,84 = 599
44,56 = 521
131,84 = 707
45,56 = 93
134,84 = 836
46,56 = 127
50,56 = 481
140,84 = 302
51,56 = 534
141,84 = 798
53,56 = 664
0,85 = 865
54,56 = 283
1,85 = 880
58,56 = 967
4,85 = 886
61,56 = 582
9,85 = 35
62,56 = 37
12,85 = 813
63,56 = 703
21,85 = 753
65,56 = 921
27,85 = 497
66,56 = 530
28,85 = 216
33,85 = 185
36,85 = 581
39,85 = 789
40,85 = 335
 296
4 = 771
14,55 = 445
6,34 = 64
15,55 = 782
7,34 = 275
19,55 = 846
10,34 = 816
21,55 = 496
11,34 = 104
23,55 = 820
16,34 = 506
24,55 = 762
18,34 = 998
26,55 = 269
21,34 = 238
28,55 = 827
22,34 = 100
33,55 = 808
24,34 = 580
34,55 = 142
29,34 = 662
36,55 = 78
32,34 = 852
41,55 = 448
38,34 = 428
49,55 = 842
40,34 = 487
51,55 = 807
45,34 = 344
52,55 = 338
47,34 = 631
54,55 = 617
54,34 = 912
56,55 = 205
58,34 = 486
59,55 = 320
61,34 = 288
64,55 = 859
62,34 = 466
67,55 = 294
63,34 = 570
70,55 = 996
64,34 = 246
73,55 = 194
67,34 = 698
76,55 = 891
68,34 = 273
77,55 = 753
70,34 = 223
81,55 = 166
80,34 = 770
83,55 = 990
81,34 = 788
84,55 = 902
82,34 = 660
85,55 = 725
84,34 = 712
88,55 = 168
93,34 = 189
89,55 = 453
94,34 = 298
90,55 = 24
97,34 = 43
91,55 = 255
98,34 = 771
92,55 = 938
100,34 = 963
94,55 = 580
102,34 = 45
95,55 = 736
96,55 = 553
102,55 = 838
104,55 = 892
108,55 = 261
109,55 = 77
113,55 = 953
03
35,54 = 936
38,54 = 162
40,54 = 119
42,54 = 78
49,54 = 771
50,54 = 534
103,34 = 776
109,34 = 529
111,34 = 115
113,34 = 400
115,34 = 402
113,23 = 680
119,34 = 460
117,23 = 375
121,34 = 618
122,23 = 34
124,23 = 198
128,23 = 198
44,33 = 926
45,33 = 135
47,33 = 325
52,33 = 554
55,33 = 705
56,33 = 74
52,54 = 169
42,85 = 509
43,85 = 244
54,54 = 333
44,85 = 600
45,85 = 511
64,54 = 741
65,54 = 298
46,85 = 361
68,54 = 831
49,85 = 657
70,54 = 344
58,85 = 771
61,85 = 827
59,33 = 290
8,22 = 758
60,33 = 393
64,85 = 970
73,54 = 708
62,33 = 831
65,85 = 257
63,33 = 533
74,54 = 76
65,33 = 822
20,22 = 657
70,33 = 302
25,22 = 537
73,33 = 668
78,54 = 838
68,85 = 586
79,54 = 794
76,33 = 901
69,85 = 932
29,22 = 619
71,85 = 588
80,54 = 69
78,33 = 104
83,54 = 241
31,22 = 166
72,85 = 673
86,54 = 602
38,22 = 201
79,33 = 132
43,22 = 882
85,33 = 639
76,85 = 974
44,22 = 310
88,54 = 645
87,33 = 1000
77,85 = 39
45,22 = 422
90,33 = 217
58,22 = 439
79,85 = 539
89,54 = 607
84,85 = 215
95,33 = 69
90,54 = 356
63,22 = 485
91,54 = 844
96,33 = 228
66,22 = 849
86,85 = 663
99,33 = 309
67,22 = 23
90,85 = 431
93,54 = 386
69,22 = 71
94,85 = 442
73,22 = 174
96,85 = 661
74,22 = 327
103,33 = 425
108,33 = 633
77,22 = 541
110,33 = 962
111,33 = 74
78,22 = 261
113,33 = 90

81,22 = 272
8,12 = 416
85,22 = 342
12,12 = 77
87,22 = 246
89,22 = 813
20,12 = 909
23,12 = 145
114,33 = 872
116,33 = 63
118,33 = 164
119,33 = 863
121,33 = 203
96,54 = 377
27,12 = 238
126,33 = 11
98,54 = 267
106,54 = 650
31,12 = 269
116,54 = 841
92,22 = 614
123,54 = 302
32,12 = 278
128,54 = 248
94,22 = 351
43,12 = 610
95,22 = 2
46,12 = 555
99,22 = 579
132,33 = 898
50,12 = 535
102,22 = 529
134,33 = 130
107,22 = 658
135,33 = 916
108,22 = 117
129,54 = 480
52,12 = 409
138,33 = 311
53,12 = 788
140,33 = 943
55,12 = 532
110,22 = 525
56,12 = 673
142,33 = 627
132,54 = 755
1,34 = 276
111,22 = 261
134,54 = 474
5,34 = 771
113,22 = 809
116,22 = 931
136,54 = 573
138,54 = 516
140,54 = 712
4,55 = 194
5,55 = 114
6,55 = 827
3
57,12 = 955
58,12 = 12
7,55 = 391
97,32 = 664
62,12 = 376
10,55 = 296
99,32 = 496
63,12 = 932
100,32 = 496
125,22 = 415
105,32 = 198
132,22 = 733
106,32 = 747
64,12 = 514
137,22 = 656
109,32 = 175
66,12 = 754
138,22 = 678
115,32 = 871
67,12 = 824
143,22 = 862
117,32 = 370
144,22 = 37
118,32 = 875
2,23 = 100
8,23 = 889
69,12 = 42
 590
55,53 = 908
120,32 = 182
59,53 = 406
65,53 = 590
121,32 = 392
67,53 = 982
124,32 = 910
68,53 = 604
125,32 = 146
73,53 = 549
8,21 = 865
126,32 = 402
77,53 = 443
73,21 = 944
127,32 = 28
85,53 = 967
75,21 = 566
87,53 = 851
76,21 = 298
91,53 = 824
70,12 = 170
94,53 = 593
98,53 = 551
100,53 = 793
73,12 = 906
101,53 = 589
76,12 = 853
103,53 = 676
79,12 = 973
104,53 = 296
83,12 = 397
107,53 = 674
84,12 = 981
108,53 = 561
85,12 = 120
111,53 = 142
86,12 = 37
114,53 = 532
89,12 = 508
117,53 = 783
91,12 = 494
119,53 = 475
93,12 = 840
120,53 = 336
95,12 = 281
125,53 = 231
97,12 = 438
129,53 = 542
102,12 = 801
130,53 = 745
145,53 = 220
128,32 = 918
2,54 = 305
103,12 = 357
77,21 = 648
3,54 = 479
129,32 = 527
111,12 = 438
9,54 = 552
131,32 = 859
80,21 = 859
113,12 = 359
136,32 = 92
11,54 = 125
82,21 = 68
125,12 = 862
137,32 = 258
13,54 = 912
127,12 = 343
89,21 = 513
14,54 = 650
138,32 = 885
15,54 = 844
141,32 = 351
19,54 = 611
1,33 = 90
24,54 = 580
 = 748
93,21 = 379
26,54 = 170
5,33 = 735
96,21 = 115
44,11 = 37
6,33 = 423
27,54 = 217
45,11 = 179
99,21 = 576
31,54 = 531
7,33 = 171
33,54 = 503
101,21 = 832
15,33 = 808
102,21 = 226
17,33 = 440
103,21 = 573
18,33 = 391
104,21 = 14
19,33 = 25
= 875
46,11 = 425
89,52 = 491
21,33 = 865
91,52 = 870
48,11 = 771
106,21 = 402
92,52 = 813
49,11 = 553
22,33 = 290
51,11 = 86
107,21 = 917
24,33 = 904
93,52 = 493
52,11 = 919
108,21 = 70
95,52 = 420
26,33 = 554
111,21 = 389
59,11 = 554
98,52 = 41
113,21 = 258
32,33 = 542
65,11 = 224
102,52 = 986
119,21 = 85
33,33 = 419
66,11 = 590
120,21 = 615
103,52 = 556
69,11 = 618
123,21 = 991
106,52 = 837
126,21 = 529
107,52 = 127
127,21 = 838
35,33 = 711
70,11 = 139
128,21 = 177
109,52 = 236
36,33 = 843
129,21 = 910
111,52 = 539
38,33 = 469
131,21 = 431
112,52 = 742
71,11 = 714
114,52 = 572
135,21 = 634
42,33 = 377
75,11 = 932
118,52 = 90
78,11 = 799
119,52 = 1000
81,11 = 141
120,52 = 521
251
124,52 = 908
138,21 = 67
13,32 = 345
139,21 = 539
83,11 = 853
141,21 = 257
88,11 = 533
143,21 = 213
14,32 = 406
125,52 = 609
16,32 = 593
145,21 = 163
93,11 = 42
20,32 = 320
1,22 = 174
94,11 = 941
127,52 = 93
95,11 = 454
21,32 = 631
2,22 = 653
129,52 = 287
97,11 = 857
132,52 = 201
101,11 = 842
22,32 = 135
5,22 = 371
133,52 = 852
23,32 = 653
11,22 = 656
103,11 = 848
134,52 = 926
14,22 = 758
24,32 = 425
17,22 = 98
139,52 = 64
105,11 = 563
26,32 = 718
107,11 = 53
27,32 = 697
65
28,32 = 101
3,53 = 669
108,11 = 861
30,32 = 478
5,53 = 642
104,20 = 167
111,11 = 111
31,32 = 439
8,53 = 826
113,11 = 916
106,20 = 236
32,32 = 649
13,53 = 962
107,20 = 772
117,11 = 575
17,53 = 104
110,20 = 194
33,32 = 852
22,53 = 235
111,20 = 808
118,11 = 271
23,53 = 914
112,20 = 373
119,11 = 523
29,53 = 222
113,20 = 433
121,11 = 384
34,32 = 726
30,53 = 560
126,11 = 185
36,53 = 270
130,20 = 812
129,11 = 601
36,32 = 126
37,53 = 103
142,11 = 584
39,32 = 870
133,20 = 445
38,53 = 471
144,11 = 809
41,32 = 488
134,20 = 633
42,53 = 404
44,32 = 740
0,12 = 408
49,53 = 819
47,32 = 742
135,20 = 424
52,53 = 590
49,32 = 643
136,20 = 134
1,12 = 438
137,20 = 427
5,12 = 171
53,32 = 344
142,20 = 273
,51 = 988
143,20 = 234
2,21 = 611
55,32 = 652
3,21 = 808
0 = 612
121,51 = 487
6,21 = 678
97,10 = 960
57,32 = 538
7,21 = 541
98,10 = 604
62,32 = 696
11,21 = 514
99,10 = 524
63,32 = 518
14,21 = 200
101,10 = 415
125,51 = 43
17,21 = 857
103,10 = 249
64,32 = 314
106,10 = 836
128,51 = 100
115,10 = 977
65,32 = 616
116,10 = 752
68,32 = 297
117,10 = 607
20,21 = 566
71,32 = 481
119,10 = 720
23,21 = 123
72,32 = 84
120,10 = 917
24,21 = 255
121,10 = 469
25,21 = 789
126,10 = 997
131,51 = 164
129,10 = 751
133,51 = 5
130,10 = 184
136,51 = 988
131,10 = 399
137,51 = 475
138,51 = 68
139,51 = 93
73,32 = 480
0,52 = 437
7,52 = 90
140,10 = 940
26,21 = 782
8,52 = 885
141,10 = 541
77,32 = 620
27,21 = 862
145,10 = 834
79,32 = 708
10,52 = 943
29,21 = 567
82,32 = 213
0,11 = 436
13,52 = 612
83,32 = 117
35,21 = 733
1,11 = 149
84,32 = 919
39,21 = 79
15,52 = 588
43,21 = 922
4,11 = 655
21,52 = 94
44,21 = 910
22,52 = 207
46,21 = 105
85,32 = 457
47,21 = 244
13,11 = 302
23,52 = 415
50,21 = 642
16,11 = 170
24,52 = 557
57,21 = 172
28,52 = 196
18,11 = 167
87,32 = 413
58,21 = 162
32,52 = 195
91,32 = 743
61,21 = 110
34,52 = 222
62,21 = 528
38,52 = 772
19,11 = 955
42,52 = 200
20,11 = 870
46,52 = 781
21,11 = 645
47,52 = 980
07
22,11 = 781
48,52 = 873
14,20 = 260
23,11 = 1000
17,20 = 752

24,11 = 451
49,52 = 774
58,31 = 888
19,20 = 296
54,52 = 323
25,11 = 45
60,31 = 500
61,52 = 69
26,11 = 614
61,31 = 799
62,52 = 619
30,11 = 511
66,31 = 77
64,52 = 907
31,11 = 694
68,31 = 540
69,52 = 698
33,11 = 744
71,31 = 667
71,52 = 622
39,11 = 412
78,31 = 218
40,11 = 176
74,52 = 102
20,20 = 590
86,31 = 797
75,52 = 927
21,20 = 414
41,11 = 644
89,31 = 512
22,20 = 674
90,31 = 178
23,20 = 537
77,52 = 891
42,11 = 748
93,31 = 872
25,20 = 798
78,52 = 158
94,31 = 31
30,20 = 1000
80,52 = 724
98,31 = 437
85,52 = 256
31,20 = 827
102,31 = 65
88,52 = 875
34,20 = 983
103,31 = 387

109,31 = 847
142,9 = 30
110,31 = 217
143,9 = 348
36,20 = 200
0,10 = 385
111,31 = 909
793
3,10 = 393
112,31 = 396
5,10 = 546
36,51 = 40
37,20 = 228
113,31 = 1
11,10 = 314
39,51 = 100
118,31 = 50
38,20 = 582
14,10 = 784
43,51 = 253
121,31 = 228
39,20 = 811
16,10 = 401
122,31 = 714
18,10 = 686
44,51 = 369
40,20 = 742
125,31 = 437
19,10 = 320
46,51 = 597
42,20 = 846
126,31 = 748
46,20 = 410
20,10 = 243
47,51 = 531
128,31 = 658
48,20 = 97
48,51 = 984
22,10 = 803
131,31 = 34
50,20 = 837
51,51 = 159
24,10 = 404
134,31 = 434
53,20 = 948
52,51 = 404
32,10 = 121
138,31 = 710
54,20 = 657
53,51 = 695
36,10 = 849
139,31 = 294
55,20 = 320
55,51 = 680
38,10 = 518
140,31 = 864
58,20 = 313
39,10 = 644
57,51 = 170
144,31 = 258
40,10 = 464
59,51 = 618
59,20 = 486
145,31 = 266
45,10 = 468
60,20 = 750
65,51 = 612
61,20 = 583
69,51 = 149
63,20 = 196
70,51 = 495
64,20 = 261
71,51 = 792
65,20 = 261
72,51 = 155
67,20 = 62
73,51 = 234
74,20 = 295
74,51 = 897
78,20 = 221
77,51 = 66
82,20 = 459
78,51 = 179
83,20 = 45
79,51 = 926
90,20 = 212
85,51 = 68
94,20 = 512
86,51 = 291
97,20 = 456
0,32 = 543
100,20 = 887
90,51 = 396
1,32 = 213
102,20 = 398
92,51 = 769
3,32 = 507
49,10 = 947
4,32 = 618
94,51 = 546
56,10 = 545
103,20 = 365
95,51 = 936
5,32 = 757
58,10 = 936
98,51 = 777
6,32 = 514
59,10 = 663
7,32 = 353
61,10 = 546
100,51 = 317
63,10 = 371
12,32 = 251
102,51 = 952
 = 656
64,10 = 362
55,19 = 985
66,10 = 567
103,51 = 922
56,19 = 906
69,10 = 407
104,51 = 689

57,19 = 606
72,10 = 534
105,51 = 189
101,30 = 550
60,19 = 467
74,10 = 311
109,51 = 491
62,19 = 279
76,10 = 335
63,19 = 478
102,30 = 581
79,10 = 895
104,30 = 896
67,19 = 218
81,10 = 885
110,51 = 835
105,30 = 856
83,10 = 593
68,19 = 354
85,10 = 952
106,30 = 939
69,19 = 585
111,51 = 59
88,10 = 922
107,30 = 790
90,10 = 547
108,30 = 124
70,19 = 123
91,10 = 608
117,30 = 384
93,10 = 940
73,19 = 810
119,30 = 200
112,51 = 232
80,19 = 174
123,30 = 932
94,10 = 630
81,19 = 588
125,30 = 424
115,51 = 155
126,30 = 753
95,10 = 912
88,19 = 787
118,51 = 988
96,10 = 612
129,30 = 89
90,19 = 810
135,30 = 953
98,19 = 862
137,30 = 841
99,19 = 407

 = 517
138,30 = 526
63,50 = 687
13,9 = 402
103,19 = 857
64,50 = 779
105,19 = 932
143,30 = 833
20,9 = 574
0,31 = 825
106,19 = 790
68,50 = 130
25,9 = 617
4,31 = 517
108,19 = 6
71,50 = 538
26,9 = 324
111,19 = 449
8,31 = 500
77,50 = 83
28,9 = 353
115,19 = 796
80,50 = 573
32,9 = 581
39,9 = 78
12,31 = 516
14,31 = 576
90,50 = 339
44,9 = 286
15,31 = 938
93,50 = 860
52,9 = 637
94,50 = 522
53,9 = 138
116,19 = 145
97,50 = 106
98,50 = 54
54,9 = 442
16,31 = 669
118,19 = 807
18,31 = 215
55,9 = 494
120,19 = 936
100,50 = 798
56,9 = 464
121,19 = 20
23,31 = 857
57,9 = 522
124,19 = 298
26,31 = 361
127,19 = 52
58,9 = 813
31,31 = 144
59,9 = 928
105,50 = 228
131,19 = 460
35,31 = 919
61,9 = 491
109,50 = 269
132,19 = 498
36,31 = 428
63,9 = 178
111,50 = 423
133,19 = 992
67,9 = 641
113,50 = 350
39,31 = 530
136,19 = 872
68,9 = 842
115,50 = 63
138,19 = 306
116,50 = 800
40,31 = 613
74,9 = 459
143,19 = 457
118,50 = 975
41,31 = 919
1,20 = 362
42,31 = 158
119,50 = 234
5,20 = 522
45,31 = 226
127,50 = 905
48,31 = 623
131,50 = 550
75,9 = 764
50,31 = 495
137,50 = 524
77,9 = 288
51,31 = 839
142,50 = 424
52,31 = 718
144,50 = 417
7,20 = 441
2,51 = 365
11,20 = 858
54,31 = 513
13,20 = 807
79,9 = 726
4,51 = 412
5,51 = 491
8,51 = 577
9,51 = 55
81,9 = 861
7,18 = 293
86,9 = 497
79,18 = 193
87,9 = 696
14,51 = 426
,30 = 873
95,9 = 64
8,30 = 602
99,9 = 924
85,18 = 519
10,30 = 833
102,9 = 582
86,18 = 227
11,30 = 914
89,18 = 56
14,30 = 930
20,51 = 483
15,30 = 960
22,51 = 899
18,30 = 51
23,51 = 605
19,30 = 709
24,51 = 225
21,30 = 530
25,51 = 207
22,30 = 178
106,9 = 636
26,30 = 966
109,9 = 315
29,30 = 98
116,9 = 488
30,30 = 539
94,18 = 113
28,51 = 350
35,30 = 567
96,18 = 917
29,51 = 580
117,9 = 542
98,18 = 178
32,51 = 508
118,9 = 132
37,30 = 565
33,51 = 730
121,9 = 870
127,9 = 592
102,18 = 591
34,51 = 793
128,9 = 941
107,18 = 1
131,9 = 845
109,18 = 507
133,9 = 738
111,18 = 40
135,9 = 564
115,18 = 348
139,9 = 648
118,18 = 647
140,9 = 332
121,18 = 528
126,18 = 517

129,18 = 234
80,49 = 592
131,18 = 992
4,8 = 147
85,49 = 346
39,8 = 965
88,49 = 434
38,30 = 641
40,8 = 947
89,49 = 40
39,30 = 974
45,8 = 499
90,49 = 327
40,30 = 475
50,8 = 275
132,18 = 186
41,30 = 601
53,8 = 153
92,49 = 890
45,30 = 71
133,18 = 856
54,8 = 950
93,49 = 176
46,30 = 876
55,8 = 515
135,18 = 802
50,30 = 723
64,8 = 539
96,49 = 586
137,18 = 82
53,30 = 197
67,8 = 126
98,49 = 690
139,18 = 934
56,30 = 778
68,8 = 568
101,49 = 449
140,18 = 31
60,30 = 84
74,8 = 329
103,49 = 919
67,30 = 504
78,8 = 888
11,19 = 482
68,30 = 477
82,8 = 678
17,19 = 331
69,30 = 425
85,8 = 833
104,49 = 34
71,30 = 225
92,8 = 438
107,49 = 64
72,30 = 438
114,49 = 4
21,19 = 626
74,30 = 984
115,49 = 909
81,30 = 229
94,8 = 714
22,19 = 788
82,30 = 830
116,49 = 373
23,19 = 302
85,30 = 650
25,19 = 410
117,49 = 83
99,8 = 294
87,30 = 16
32,19 = 703
100,8 = 718
35,19 = 242
88,30 = 55
123,49 = 262
102,8 = 673
37,19 = 494
126,49 = 90
38,19 = 671
105,8 = 638
92,30 = 476
129,49 = 844
39,19 = 516
107,8 = 576
93,30 = 120
136,49 = 312
40,19 = 550
109,8 = 109
94,30 = 864
140,49 = 288
41,19 = 596
110,8 = 268
96,30 = 48
141,49 = 337
42,19 = 691
111,8 = 174
99,30 = 43
45,19 = 659
145,49 = 760
0,50 = 976
47,19 = 793
3,50 = 863
113,8 = 122
7,50 = 280
49,19 = 656
100,30 = 783
10,50 = 620
 = 846
117,8 = 319
14,50 = 21
118,8 = 712

17,50 = 1
119,8 = 175
81,17 = 982
18,50 = 241
123,8 = 290
40,29 = 802
24,50 = 642
125,8 = 393
42,29 = 174
25,50 = 476
126,8 = 134
43,29 = 386
128,8 = 772
31,50 = 282
84,17 = 869
132,8 = 675
44,29 = 374
35,50 = 853
137,8 = 338
86,17 = 682
44,50 = 814
139,8 = 328
87,17 = 722
47,29 = 880
45,50 = 504
90,17 = 792
140,8 = 970
49,29 = 345
142,8 = 780
50,29 = 394
46,50 = 648
47,50 = 345
94,17 = 816
48,50 = 837
145,8 = 781
96,17 = 659
3,9 = 625
59,29 = 544
60,50 = 926
108,17 = 314
61,29 = 643
5,9 = 572
113,17 = 900
7,9 = 94
116,17 = 468
67,29 = 109
119,17 = 567
,48 = 97
68,29 = 412
8,9 = 259
69,29 = 170
112,48 = 901
12,9 = 517
124,17 = 810
74,29 = 415
113,48 = 659
77,29 = 761
114,48 = 3
121,48 = 636
135,17 = 699
123,48 = 588
143,17 = 311
130,48 = 160

133,48 = 146
81,29 = 728
60,7 = 977
144,17 = 512
138,48 = 483
61,7 = 553
140,48 = 643
63,7 = 976
0,18 = 220
87,29 = 586
141,48 = 603
6,18 = 924
67,7 = 654
142,48 = 420
70,7 = 177
143,48 = 539
10,18 = 182
91,29 = 312
3,49 = 979
93,29 = 125
74,7 = 11
11,18 = 22
94,29 = 943
75,7 = 534
4,49 = 803
95,29 = 132
76,7 = 909
5,49 = 947
100,29 = 49
77,7 = 883
8,49 = 813
12,18 = 761
104,29 = 601
78,7 = 205
15,49 = 286
13,18 = 577
106,29 = 667
84,7 = 57
17,49 = 489
14,18 = 896
107,29 = 99
87,7 = 980
19,49 = 228
19,18 = 251
108,29 = 857
91,7 = 243
21,49 = 397
20,18 = 258
109,29 = 381
92,7 = 582
22,49 = 850
24,18 = 841
110,29 = 394
24,49 = 946
36,18 = 695
113,29 = 25
30,49 = 116
44,18 = 357
115,29 = 290
96,7 = 952
31,49 = 813
45,18 = 947
116,29 = 935
97,7 = 840
33,49 = 484
48,18 = 140
99,7 = 918
35,49 = 426
117,29 = 321
49,18 = 810
36,49 = 885
50,18 = 638
106,7 = 244
51,18 = 964
44,49 = 717
119,29 = 175
46,49 = 454
52,18 = 333
111,7 = 321
122,29 = 824
47,49 = 471
54,18 = 728
48,49 = 398
113,7 = 456
132,29 = 228
51,49 = 569
114,7 = 771
137,29 = 358
55,49 = 971
121,7 = 130
139,29 = 932
56,18 = 345
144,29 = 148
57,18 = 299
1,30 = 425
56,49 = 543
122,7 = 734
4,30 = 447
61,49 = 291
58,18 = 320
5,30 = 181
64,49 = 643
123,7 = 736
65,49 = 642
125,7 = 615
70,49 = 746
8 = 797
75,49 = 982
62,18 = 338
129,7 = 324
78,49 = 465
67,18 = 624
81,28 = 624
131,7 = 410
132,7 = 642
74,18 = 627
84,28 = 226
4,8 = 315
7,8 = 54
85,28 = 720
464
8,8 = 659
86,28 = 217
11,8 = 818
97,28 = 606
98,28 = 186
0,16 = 136
42,15 = 653
12,8 = 191
48,15 = 304
123,16 = 418
101,28 = 719
54,15 = 534
14,8 = 582
126,16 = 885
58,15 = 843
128,16 = 833
16,8 = 452
59,15 = 860
133,16 = 442
17,8 = 894
68,15 = 478
104,28 = 556
135,16 = 68
69,15 = 940
105,28 = 726
141,16 = 636
18,8 = 657
70,15 = 37
3,17 = 488
19,8 = 293
20,8 = 101
22,8 = 340
24,8 = 608
7,17 = 746
29,8 = 33
8,17 = 336
30,8 = 151
9,17 = 383
32,8 = 961
107,28 = 547
114,28 = 439
115,28 = 832
116,28 = 557
 919
72,15 = 463
118,28 = 842
62,6 = 509
74,15 = 326
10,17 = 812
63,6 = 206
13,17 = 550
65,6 = 927
124,28 = 530
15,17 = 783
67,6 = 173
75,15 = 124
16,17 = 463
130,28 = 377
71,6 = 608
17,17 = 433
78,15 = 842
132,28 = 320
19,17 = 556
72,6 = 973
81,15 = 617
20,17 = 189
76,6 = 722
83,15 = 468
25,17 = 930
134,28 = 777
91,6 = 278
85,15 = 262
27,17 = 217
138,28 = 157
94,6 = 697
33,17 = 79
139,28 = 212
35,17 = 128
88,15 = 438
95,6 = 737
36,17 = 360
89,15 = 201
97,6 = 450
141,28 = 323
38,17 = 427
99,6 = 187
40,17 = 276
0,29 = 910
90,15 = 648
43,17 = 87
1,29 = 180
48,17 = 451
2,29 = 450
100,6 = 862
92,15 = 681
50,17 = 150
105,6 = 614
8,29 = 654
107,6 = 161
51,17 = 348
93,15 = 722
109,6 = 854
96,15 = 550
10,29 = 351
52,17 = 767
121,6 = 92
15,29 = 952
102,15 = 348
126,6 = 993
19,29 = 491
108,15 = 289
137,6 = 652
21,29 = 145
139,6 = 615
22,29 = 918
110,15 = 161
140,6 = 710
142,6 = 6
114,15 = 552
55,17 = 440
23,29 = 911
115,15 = 935
57,17 = 429
24,29 = 417
58,17 = 21
26,29 = 543
62,17 = 450
28,29 = 960
65,17 = 21
29,29 = 27
66,17 = 273
30,29 = 961
68,17 = 655
32,29 = 839
70,17 = 162
36,29 = 7
74,17 = 682
37,29 = 438
76,17 = 277
39,29 = 868
77,17 = 844
79,17 = 846
500
116,27 = 543
16 = 342
126,27 = 112
13,16 = 472
127,27 = 806
14,16 = 885
133,27 = 503
17,16 = 932
134,27 = 448
18,16 = 483
135,27 = 401
19,16 = 498
136,27 = 393
20,16 = 48
137,27 = 81
22,16 = 250
138,27 = 107
23,16 = 720
139,27 = 596
30,16 = 737
140,27 = 650
32,16 = 425
145,27 = 837
38,16 = 563
8,28 = 398
39,16 = 88
16,28 = 87
43,16 = 734
18,28 = 241
44,16 = 977
23,28 = 892
47,16 = 885
29,28 = 288
53,16 = 192
31,28 = 726
54,16 = 583
32,28 = 656
55,16 = 935
34,28 = 900
57,16 = 389
42,28 = 416
59,16 = 264
43,28 = 922
60,16 = 621
46,28 = 417
62,16 = 704
50,28 = 5
63,16 = 546
51,28 = 867
64,16 = 731
55,28 = 892
70,16 = 544
56,28 = 766
71,16 = 578
57,28 = 978
74,16 = 505
58,28 = 484
75,16 = 300
59,28 = 583
81,16 = 117
62,28 = 283
84,16 = 116
63,28 = 25
85,16 = 175
65,28 = 231
88,16 = 704
66,28 = 554
95,16 = 79
67,28 = 112
97,16 = 557
69,28 = 973
101,16 = 314
70,28 = 326
102,16 = 963
74,28 = 257
105,16 = 536
77,28 = 65
108,16 = 583
78,28 = 104
117,16 = 987
80,28 = 797
118,16 = 487
120,16 = 136

138,26 = 381
140,26 = 141
143,26 = 688
0,7 = 307
116,15 = 7
144,26 = 419
1,7 = 415
120,15 = 355
6,7 = 698
7,7 = 567
123,15 = 693
10,7 = 702
128,15 = 774
 = 364
16,7 = 859
26,26 = 406
145,26 = 756
27,26 = 61
19,7 = 278
28,26 = 488
20,7 = 262
7,27 = 957
23,7 = 177
17,27 = 82
24,7 = 70
18,27 = 371
20,27 = 705
21,27 = 779
129,15 = 271
23,27 = 861
133,15 = 287
28,7 = 1000
30,26 = 352
24,27 = 604
136,15 = 883
35,26 = 840
29,7 = 446
28,27 = 670
139,15 = 871
30,7 = 960
29,27 = 32
142,15 = 132
34,27 = 976
38,26 = 723
33,7 = 388
143,15 = 179
35,27 = 778
2,16 = 575
41,27 = 203
3,16 = 282
40,26 = 150
36,7 = 852
4,16 = 75
43,27 = 614
7,16 = 258
38,7 = 519
56,27 = 341
44,26 = 536
8,16 = 342
57,27 = 319
46,7 = 527
45,26 = 326
58,27 = 595
49,7 = 568
46,26 = 609
59,27 = 265
47,26 = 494
52,7 = 92
60,27 = 997
50,26 = 571
,14 = 167
53,7 = 582
62,27 = 721
87,14 = 742
64,27 = 180
57,7 = 909
51,26 = 607
89,14 = 516
58,7 = 530
92,14 = 639
52,26 = 904
67,27 = 258
93,14 = 161
70,27 = 435
58,26 = 439
95,14 = 876
97,14 = 402
71,27 = 623
61,26 = 540
98,14 = 952
72,27 = 161
100,14 = 554
63,26 = 976
102,14 = 259
66,26 = 887
74,27 = 58
 419
76,27 = 605
86,5 = 360
69,26 = 395
103,14 = 169
87,5 = 304
79,27 = 886
106,14 = 601
89,5 = 720
70,26 = 21
111,14 = 702
92,5 = 840
74,26 = 716
81,27 = 573
112,14 = 505
94,5 = 489
115,14 = 72
75,26 = 141
88,27 = 466
116,14 = 913
89,27 = 286
77,26 = 232
120,14 = 459
96,5 = 877
92,27 = 848
97,5 = 51
96,27 = 616
105,5 = 331
127,14 = 639
86,26 = 792
106,5 = 169
87,26 = 882
101,27 = 177
107,5 = 572
88,26 = 995
131,14 = 519
102,27 = 409
108,5 = 116
133,14 = 593
92,26 = 53
113,5 = 133
109,27 = 301
117,5 = 29
136,14 = 541
102,26 = 325
120,5 = 977
139,14 = 380
109,26 = 747
121,5 = 236
111,26 = 440
115,27 = 500
145,14 = 815
123,5 = 386
3,15 = 952
129,5 = 387
113,26 = 306
4,15 = 913
117,26 = 653
5,15 = 483
135,5 = 639
118,26 = 629
97,13 = 343
120,26 = 3
9,15 = 456
98,13 = 111
124,26 = 897
10,15 = 53
99,13 = 460
126,26 = 982
12,15 = 305
100,13 = 788
137,5 = 521
128,26 = 343
13,15 = 343
141,5 = 266
101,13 = 502
15,15 = 830
1,6 = 966
102,13 = 98
130,26 = 369
20,15 = 126
131,26 = 271
23,15 = 814
6,6 = 869
133,26 = 556
26,15 = 833
7,6 = 198
27,15 = 715
10,6 = 324
103,13 = 151
12,6 = 723
28,15 = 639
14,6 = 330
106,13 = 921
30,15 = 303
110,13 = 154
31,15 = 845
18,6 = 790
03
35,15 = 633
22,6 = 485
113,13 = 617
25,6 = 88
116,13 = 387
36,15 = 569
67,25 = 640
27,6 = 593
39,15 = 464
29,6 = 666
69,25 = 577
30,6 = 452
117,13 = 356
31,6 = 870
71,25 = 687
121,13 = 708
73,25 = 472
124,13 = 424
36,6 = 182
128,13 = 906
37,6 = 41
76,25 = 773
133,13 = 720
39,6 = 550
80,25 = 10
,2 = 123
40,6 = 100
135,13 = 701
82,25 = 754
43,6 = 227
60,2 = 587
83,25 = 850
138,13 = 502
61,2 = 345
45,6 = 909
142,13 = 526
64,2 = 442
4,14 = 303
84,25 = 359
67,2 = 668
48,6 = 815
13,14 = 266
68,2 = 872
86,25 = 757
51,6 = 953
70,2 = 989
90,25 = 441
17,14 = 790
72,2 = 330
93,25 = 320
30,14 = 501
73,2 = 975
94,25 = 904
77,2 = 817
53,6 = 397
34,14 = 539
96,25 = 206
78,2 = 493
57,6 = 599
36,14 = 357
97,25 = 913
81,2 = 562
59,6 = 919
38,14 = 450
99,25 = 782
83,2 = 704
40,14 = 519
104,25 = 280
84,2 = 964
43,14 = 119
107,25 = 625
9
44,14 = 574
109,25 = 722
100,4 = 934
113,25 = 948
85,2 = 860
104,4 = 158
46,14 = 235
48,14 = 500
114,25 = 406
106,4 = 941
49,14 = 595
86,2 = 241
107,4 = 229
53,14 = 986
87,2 = 768
115,25 = 987
89,2 = 823
120,25 = 949
90,2 = 568
122,25 = 91
91,2 = 840
108,4 = 968
126,25 = 863
127,25 = 832
129,25 = 973
97,2 = 243
109,4 = 813
133,25 = 652
56,14 = 683
111,4 = 106
101,2 = 828
139,25 = 923
115,4 = 517
144,25 = 84
103,2 = 754
124,4 = 637
145,25 = 821
105,2 = 964
131,4 = 175
1,26 = 973
108,2 = 275
133,4 = 788
2,26 = 333
63,14 = 996
3,26 = 959
111,2 = 793
134,4 = 808
6,26 = 94
114,2 = 534
68,14 = 581
135,4 = 436
122,2 = 460
70,14 = 683
8,26 = 962
136,4 = 231
72,14 = 399
126,2 = 233
10,26 = 545
138,4 = 177
77,14 = 90
128,2 = 585
14,26 = 242
140,4 = 649
78,14 = 89
130,2 = 77
15,26 = 464
0,5 = 237
85,14 = 167
131,2 = 607
17,26 = 284
3,5 = 691
134,2 = 278
18,26 = 364
7,5 = 635
136,2 = 21
10,5 = 183
137,2 = 980
128,12 = 823
13,5 = 772
139,2 = 227
16,5 = 713
129,12 = 512
20,5 = 44
336
140,2 = 862
134,12 = 480
141,2 = 329
144,2 = 44
24,5 = 837
2,3 = 904
135,12 = 453
136,12 = 750
115,0 = 414
3,3 = 265
27,5 = 561
5,3 = 13
116,0 = 468
13,3 = 883
118,0 = 147
138,12 = 223
28,5 = 545
14,3 = 322
34,5 = 27
120,0 = 202
129,0 = 874
130,0 = 301
131,0 = 844
133,0 = 445
134,0 = 467
136,0 = 895
137,0 = 583
142,0 = 368
= 111
36,5 = 743
140,12 = 769
92,1 = 84
144,12 = 661
0,13 = 141
41,5 = 963
144,0 = 707
43,5 = 130
2,1 = 430
95,1 = 628
4,1 = 490
3,13 = 417
11,1 = 325
11,13 = 790
13,1 = 967
13,13 = 336
15,1 = 402
46,5 = 499
19,1 = 103
54,5 = 322
96,1 = 58
14,13 = 715
97,1 = 142
21,13 = 25
100,1 = 768
55,5 = 247
23,13 = 835
21,1 = 976
56,5 = 850
24,13 = 839
102,1 = 757
57,5 = 679
25,13 = 340
28,1 = 718
31,13 = 793
66,5 = 209
106,1 = 870
33,13 = 68
67,5 = 738
35,13 = 737
107,1 = 728
71,5 = 229
37,13 = 517
111,1 = 645
74,5 = 373
39,13 = 229
30,1 = 76
53,13 = 268
79,5 = 2
32,1 = 609
113,1 = 716
54,13 = 56
36,1 = 793
114,1 = 65
80,5 = 716
60,13 = 846
81,5 = 968
119,1 = 705
83,5 = 719
40,1 = 479
84,5 = 419
42,1 = 645
61,13 = 31
120,1 = 206
44,1 = 510
121,1 = 708
65,13 = 828
51,1 = 978
66,13 = 828
52,1 = 271
68,13 = 402
69,13 = 871
60,1 = 62
126,3 = 491
70,13 = 778
124,1 = 462
128,3 = 998
61,1 = 240
71,13 = 845
62,1 = 730
73,13 = 878
64,1 = 695
74,13 = 652
131,3 = 800
75,13 = 660
65,1 = 957
132,3 = 248
78,13 = 285
66,1 = 699
134,3 = 710
73,1 = 304
74,1 = 599
75,1 = 23
127,1 = 897
80,13 = 362
136,3 = 42
82,13 = 973
2,4 = 1000
88,13 = 486
4,4 = 429
92,13 = 3
6,4 = 449
93,13 = 795
139,1 = 208
2,2 = 399
76,1 = 215
8,4 = 604
10,4 = 217
84,1 = 506
11,4 = 319
3,2 = 896
13,4 = 239
85,1 = 727
16,4 = 390
21,4 = 480
24,4 = 693
29,4 = 929
30,4 = 125
4,2 = 194
6,2 = 261
87,1 = 336
8,2 = 141
31,4 = 328
9,2 = 92
32,4 = 750
10,2 = 108
33,4 = 852
88,1 = 702
89,1 = 111
37,4 = 303
38,4 = 646
39,4 = 4
57,4 = 881
59,4 = 23
60,4 = 325
71,4 = 574
72,4 = 522
matrix_name=A1, rows=146, cols=97
1,0 = 363
8,0 = 881
14,2 = 89
75,4 = 36
9,0 = 919
15,2 = 399
76,4 = 590
12,0 = 711
77,4 = 610
15,0 = 255
78,4 = 740
19,0 = 499
21,0 = 922
80,4 = 410
23,0 = 287
81,4 = 680
25,0 = 175
83,4 = 750
26,0 = 178
85,4 = 644
28,0 = 664
87,4 = 743
32,0 = 304
89,4 = 9
38,0 = 165
91,4 = 572
39,0 = 659
45,0 = 864
49,0 = 679
55,0 = 671
92,4 = 293
93,4 = 667
95,4 = 425
97,4 = 872
16,2 = 502
59,0 = 362
18,2 = 358
20,2 = 340
99,4 = 49
23,2 = 669
24,2 = 928
61,0 = 633
26,2 = 67
27,2 = 392
63,0 = 841
2
64,0 = 465
65,0 = 746
16,3 = 936
30,2 = 441
68,0 = 474
20,3 = 247
69,0 = 149
21,3 = 757
73,0 = 659
24,3 = 417
28,3 = 83
77,0 = 798
79,0 = 20
30,3 = 283
80,0 = 378
31,3 = 576
34,3 = 917
84,0 = 403
35,3 = 497
85,0 = 193
36,3 = 793
89,0 = 799
45,3 = 422
37,2 = 57
50,3 = 471
92,0 = 559
51,3 = 523
39,2 = 633
53,3 = 886
56,3 = 524
95,0 = 196
44,2 = 395
57,3 = 401
96,0 = 458
46,2 = 20
47,2 = 546
58,3 = 688
49,2 = 664
50,2 = 119
62,3 = 190
51,2 = 728
63,3 = 3
98,0 = 431
53,2 = 89
64,3 = 389
66,3 = 822
57,2 = 306
67,3 = 513
58,2 = 123
69,3 = 406
73,3 = 908
74,3 = 909
75,3 = 566
101,0 = 180
76,3 = 522
103,0 = 59
77,3 = 212
108,0 = 538
79,3 = 442
83,3 = 444
109,0 = 109
85,3 = 584
110,0 = 711
91,3 = 312
95,3 = 873
96,3 = 379
98,3 = 410
112,0 = 935
103,3 = 936
113,0 = 336
107,3 = 895
108,3 = 790
112,3 = 524
115,3 = 449
117,3 = 383
118,3 = 621
123,3 = 298
125,3 = 465